Summary of Linear Thompson Sampling:
Model: ABOD_1
  Mean: [0.02766132 0.0282859  0.01057571 0.01645825 0.02156602 0.01086182
 0.02497114 0.02383611 0.02610621 0.02497114 0.02610621 0.02837631
 0.02702333 0.0278088  0.00682006 0.05815385 0.04411499 0.02813418
 0.02951133 0.00282282 0.02996847 0.02894382 0.02894382]
Model: ABOD_2
  Mean: [ 0.17256647 -0.08149971  0.00761198  0.09879045  0.04307346  0.10903855
  0.12997959  0.05475001  0.00876247  0.05620345 -0.05733238  0.02983421
  0.02749166  0.10835895  0.11715636  0.01726047  0.1190012   0.12052484
 -0.02176902  0.12085645  0.06717695  0.05396148  0.15246089]
Model: ABOD_3
  Mean: [0.15215624 0.04274334 0.14557854 0.12588189 0.06989008 0.16847412
 0.03386207 0.04673889 0.04656349 0.0863731  0.15607362 0.1006188
 0.02292328 0.03711036 0.10146665 0.04517233 0.20783309 0.0630115
 0.0975635  0.07860179 0.14333875 0.12892437 0.00834219]
Model: ABOD_4
  Mean: [ 0.13875944 -0.00711404 -0.04731963 -0.12844971  0.01067139  0.00327518
  0.10885131  0.04488935  0.05318084  0.11852933  0.19902864  0.24584579
 -0.04288765  0.25859017  0.14097006 -0.02534336  0.21582655  0.01411565
  0.2018038   0.05537199  0.19802849  0.11001084  0.07292039]
Model: CBLOF_1
  Mean: [ 0.07382792  0.10214974  0.22369186  0.01069498  0.11609679  0.18464011
  0.17349387  0.01060478  0.02700914 -0.03002218  0.02797865  0.01876613
 -0.06153478  0.09074906  0.0858022   0.05577095  0.01324497  0.06132351
  0.10499416 -0.02706889  0.00249466  0.22477944 -0.08436599]
Model: CBLOF_2
  Mean: [ 0.03685758 -0.06385723  0.04665012  0.00964633  0.08138053  0.04529774
  0.24725146  0.03128028  0.04884827  0.05781721  0.05270408  0.13086684
  0.0500597  -0.00844385  0.04953368  0.02289623  0.0780745  -0.03838973
  0.08194329 -0.06723804 -0.03700892  0.03700106  0.05149627]
Model: CBLOF_3
  Mean: [-0.01944432  0.07364494  0.02826911  0.02328581  0.00289672  0.02760178
  0.09078244 -0.06632196  0.05647422  0.02969544  0.07896923  0.00319928
  0.06689938  0.05401432  0.07341887 -0.07752314  0.08489907  0.07081882
  0.05247053  0.09337647  0.0828371   0.10244733  0.10342796]
Model: CBLOF_4
  Mean: [ 0.16446076 -0.05276445  0.13502584  0.02919935  0.12543388  0.09711954
  0.04549531  0.03168205  0.178885    0.08569894  0.0932397  -0.06609391
  0.23078955  0.14885753  0.02923428  0.03778948  0.11167787  0.02334762
  0.01148758  0.15234054  0.07470733  0.16146379  0.10842294]
Model: DGHL_1
  Mean: [ 0.03893753 -0.07505069  0.08196466  0.06895776  0.18558681  0.22443212
  0.10852512  0.06038867  0.00499733  0.1466883   0.11397562  0.22526724
 -0.0654489   0.10772922  0.05064432  0.0133807   0.14274369  0.09253179
  0.05764708  0.00665946  0.06968372  0.07263849  0.00513405]
Model: DGHL_2
  Mean: [ 0.31050898  0.12707589  0.02825482  0.09376125  0.02551217  0.13124568
  0.35436991  0.21291903  0.22512425 -0.10724283  0.07461894  0.15553796
 -0.08960272 -0.03760889  0.20421113  0.07906505  0.05976692  0.36949262
  0.01876781  0.13149272 -0.01714361  0.02646783  0.12377514]
Model: DGHL_3
  Mean: [ 0.11828543  0.17245416  0.24860384  0.03286123  0.06321861  0.04823167
  0.01760128 -0.02339029  0.05243381  0.06302834  0.05311333  0.18031862
  0.08256733  0.09264532  0.0883679   0.11698573  0.09820226 -0.00355301
 -0.03782814  0.09385974  0.00048658  0.07507677  0.10815903]
Model: DGHL_4
  Mean: [ 0.00459142  0.03988167  0.02197324  0.04118275  0.05253955  0.11750065
 -0.03003041  0.04243554  0.08018366  0.19473796  0.09427038  0.08739532
  0.06899686 -0.00833255 -0.05666208  0.03193731 -0.01940273 -0.01389283
  0.03075552  0.02721005  0.07425392 -0.01799749  0.0282867 ]
Model: LOF_1
  Mean: [ 0.08070447  0.19210711  0.1282318   0.02630913  0.06569148  0.05309303
  0.19049747 -0.10545212  0.0820583   0.02623504  0.04582202  0.00648566
  0.21335326  0.25226566  0.02118638 -0.06227527 -0.00339528  0.08230141
  0.0562385  -0.010028    0.08683783  0.00589569  0.07448156]
Model: LOF_2
  Mean: [0.22775978 0.12637512 0.07670657 0.15939379 0.11517604 0.12863715
 0.07685963 0.09763807 0.08581699 0.11642936 0.02574911 0.13001683
 0.06611943 0.02518253 0.06790808 0.04928481 0.05360997 0.08415902
 0.09229139 0.07508759 0.04791045 0.0760882  0.03235301]
Model: LOF_3
  Mean: [ 0.02145493  0.10295671  0.03157999  0.22956323  0.02393805  0.14180147
  0.20272776  0.1172997   0.03721383  0.05937748  0.06740723  0.10525715
 -0.03424413  0.13912056  0.05133375  0.09143822  0.167698    0.18832986
  0.06194987  0.10785463  0.10865815  0.0316508   0.0850205 ]
Model: LOF_4
  Mean: [ 0.02873697  0.08463728  0.13058495  0.07228109  0.01977111  0.12504488
  0.06614212  0.10502368  0.1045035   0.02390853 -0.02000665  0.0865466
  0.0347672  -0.02130591  0.06468659  0.0766718   0.02679336  0.13515957
  0.20222379  0.04081901  0.06177941  0.07572609 -0.01917005]
Model: LSTMVAE_1
  Mean: [ 0.25376198 -0.82914303  0.26871081 -0.50333046  0.54821928  0.4457436
 -0.02650012 -0.10103937  0.70223679 -0.10509607 -0.42981518  1.18537533
  1.63851316  0.35661375  0.50548144  0.74456204  0.1209854   0.2399492
  0.09474533  0.35597406  0.43103256  0.75150113  0.79045718]
Model: LSTMVAE_2
  Mean: [ 0.78743833  0.11440221  0.26954299 -0.18740413  0.42483269  0.1813581
  0.24745863 -0.08634211  0.46731545  0.79658398  0.32010668  0.05112755
  0.20924258  0.0703924  -0.50723583  0.38350275  0.58487852  0.39354892
  0.57834445 -0.26670609 -0.37497353  0.07064352  0.46905982]
Model: LSTMVAE_3
  Mean: [0.04073319 0.04073319 0.04073319 0.04073319 0.05052765 0.07172011
 0.04331399 0.030503   0.0313956  0.04030443 0.03987567 0.04030443
 0.04751485 0.06036231 0.04369029 0.03987567 0.04030443 0.05647642
 0.04073319 0.01630298 0.03987567 0.04030443 0.04030443]
Model: LSTMVAE_4
  Mean: [ 1.56814807 -0.50859201 -0.30643722 -0.87944937 -0.40738182  1.19139886
  0.5408391   0.67839983  0.45657594  0.87168188  0.15025779  0.91607294
 -0.35498315  0.30976334  0.87055405  0.55002402  1.21834599  0.87997594
  0.70797898  1.01677458 -0.07472115  0.17532934  0.95295684]
Model: MD_1
  Mean: [ 0.17366883  0.05318022  0.07232514  0.05988317  0.04904902  0.08414881
 -0.03755734  0.08602314  0.00696459  0.03670176  0.09700169  0.09575466
  0.05916781  0.09182617 -0.03673153  0.01292519  0.03159399 -0.05013777
  0.00844192  0.06573074  0.11122233  0.01345209  0.05776256]
Model: NN_1
  Mean: [0.05260885 0.01152796 0.03912998 0.06655455 0.0412882  0.0419177
 0.08123971 0.03960993 0.04044906 0.03158297 0.03232447 0.05860316
 0.02032006 0.03939809 0.04233083 0.04254281 0.05548849 0.06192685
 0.06374147 0.03960993 0.06946714 0.04023731 0.04023731]
Model: NN_2
  Mean: [ 0.04293317  0.07072604 -0.04442194  0.10731491  0.06376006  0.01626336
  0.08189943  0.07334449 -0.04393077  0.08184534  0.14766242 -0.08073277
  0.06709912  0.04996563  0.16832823  0.01705068  0.03934783  0.02017883
  0.02692848  0.11982807  0.19937558  0.08653912 -0.0104425 ]
Model: NN_3
  Mean: [ 0.16621405  0.32263375  0.17798447  0.31256024  0.07874231 -0.16584747
  0.03525035  0.03119467  0.2970726   0.04250802  0.03515615  0.11304707
  0.07944756  0.01207049  0.08272113  0.00721822  0.20982729  0.15951413
 -0.02845425  0.08774874  0.30479955  0.16487711  0.11976418]
Model: RM_1
  Mean: [ 0.13349078  0.05284711  0.12873995 -0.07858672  0.02608523  0.15051051
  0.12229733  0.0151625   0.17275699  0.02412176  0.06548309  0.14288836
  0.09316573  0.0055884   0.05046369  0.07027948  0.07035882  0.11472558
  0.00054421  0.08405339  0.08545268 -0.02931956  0.05209344]
Model: RM_2
  Mean: [ 0.04497982  0.07182445  0.05881937 -0.01122366  0.12136321  0.01935029
  0.04042456  0.0235458  -0.01824792  0.02107111  0.01945876  0.04478803
  0.00081683  0.01181498  0.03874364  0.01550634  0.03275221  0.02857904
  0.04445034  0.04501995  0.04619574  0.05340179  0.02196345]
Model: RM_3
  Mean: [0. 0. 0. 0. 0. 0. 0. 0. 0. 0. 0. 0. 0. 0. 0. 0. 0. 0. 0. 0. 0. 0. 0.]
Model: RNN_1
  Mean: [ 0.15579809  0.33608626  0.14774871 -0.04005394 -0.12771153  0.21989171
  0.12525779  0.24176367 -0.0402425   0.08558283 -0.01095353  0.14628375
  0.35076243  0.12121509  0.13128058  0.31224391  0.12190654  0.11436893
 -0.05244074 -0.09495021  0.05494326  0.00898576  0.01312351]
Model: RNN_2
  Mean: [ 0.25299343  0.27799924  0.0445487   0.16499419  0.06660616 -0.06310105
  0.06999434  0.09970022  0.08633133  0.0244204  -0.04187002  0.08848819
  0.15453025  0.04845066  0.12919909  0.09010273  0.0101019   0.27341173
  0.01514654  0.18323184  0.11487097  0.07628288  0.20921823]
Model: RNN_3
  Mean: [ 0.0306026   0.13663264  0.03555824  0.12572515  0.20521067  0.17544037
  0.12859767  0.06924076  0.09978347  0.14387009  0.10972825  0.06284808
 -0.04460846  0.14815948  0.11861353  0.18933847  0.06836911  0.11740243
 -0.0065015   0.21103697 -0.03190636  0.18855279  0.01281878]
Model: RNN_4
  Mean: [-0.07707342  0.14137568  0.16374085  0.10429027  0.11313774  0.11855304
  0.04832336  0.12886534  0.05367525  0.11432736  0.13113371  0.22099505
  0.12595939  0.12844795 -0.03484369  0.07800091  0.12351349  0.10360797
  0.05438995  0.13284371  0.0737944   0.14232062  0.08835833]

Models ranked by mean score:
1. LSTMVAE_4 with score 13.773868440540511
2. LSTMVAE_1 with score 8.886656467922544
3. LSTMVAE_2 with score 3.702288056138491
4. DGHL_2 with score 0.6343351820719314
5. NN_3 with score 0.6268530315736226
6. RNN_1 with score 0.6253625978905919
7. RNN_2 with score 0.43387110269888185
8. ABOD_4 with score 0.4053907901762287
9. RNN_3 with score 0.35117450162551805
10. RNN_4 with score 0.3111647025876295
11. LOF_3 with score 0.29145008898165026
12. CBLOF_4 with score 0.28703065213487877
13. DGHL_1 with score 0.2652340427163345
14. LOF_1 with score 0.26131725600477357
15. ABOD_3 with score 0.25706646063774485
16. CBLOF_1 with score 0.24242285150401482
17. DGHL_3 with score 0.22998024513012816
18. LOF_2 with score 0.2281674388682065
19. RM_1 with score 0.1892647842005555
20. ABOD_2 with score 0.18824614595361006
21. NN_2 with score 0.17371455368494182
22. LOF_4 with score 0.1642722133413509
23. CBLOF_2 with score 0.13387551646141393
24. MD_1 with score 0.11731788167323398
25. DGHL_4 with score 0.1018910569008138
26. CBLOF_3 with score 0.1014143700130643
27. NN_1 with score 0.05378120279075127
28. RM_2 with score 0.04446329159403608
29. LSTMVAE_3 with score 0.04394292649779748
30. ABOD_1 with score 0.01763671555084257
31. RM_3 with score 0.0

 evaluation for models over the current test data:
[130, 132, 129, 531, 1296, 271, 253, 257, 232, 203, 264, 424, 482, 264, 257, 399, 532, 264, 363, 257, 1296, 264, 511, 246, 530, 402, 1296, 180, 128, 257, 201]
 f1_score list for models over the current test data:
{'LSTMVAE_4': 0.9425241586120611, 'LSTMVAE_1': 0.9395544416512644, 'LSTMVAE_2': 0.9428661589503118, 'DGHL_2': 0.7810774217133609, 'NN_3': 0.6233698450149192, 'RNN_1': 0.872452187492068, 'RNN_2': 0.8796634740985259, 'ABOD_4': 0.8816875844815668, 'RNN_3': 0.8918619844360389, 'RNN_4': 0.9048545034743694, 'LOF_3': 0.8722639802957735, 'CBLOF_4': 0.7605796461549692, 'DGHL_1': 0.8039915518200004, 'LOF_1': 0.8722639802957735, 'ABOD_3': 0.8816875844815668, 'CBLOF_1': 0.7764508806387862, 'DGHL_3': 0.7805621731907575, 'LOF_2': 0.8722639802957735, 'RM_1': 0.8313178665107775, 'ABOD_2': 0.8816875844815668, 'NN_2': 0.6233698450149192, 'LOF_4': 0.8722639802957735, 'CBLOF_2': 0.732292583947877, 'MD_1': 0.8778327756572643, 'DGHL_4': 0.7809823812787516, 'CBLOF_3': 0.7767819750480571, 'NN_1': 0.6233698450149192, 'RM_2': 0.9173884819327369, 'LSTMVAE_3': 0.9434112345574363, 'ABOD_1': 0.8816875844815668, 'RM_3': 0.913071443573658}
 pr_score list for models over the current test data:
{'LSTMVAE_4': 0.983837368857901, 'LSTMVAE_1': 0.9808740281600392, 'LSTMVAE_2': 0.9837586851106859, 'DGHL_2': 0.7500118712389225, 'NN_3': 0.4361322033873838, 'RNN_1': 0.9495902566978077, 'RNN_2': 0.9556117011822929, 'ABOD_4': 0.9574785264298702, 'RNN_3': 0.9639180061453398, 'RNN_4': 0.9641798344453286, 'LOF_3': 0.9242648130815334, 'CBLOF_4': 0.847083694485008, 'DGHL_1': 0.7754118992825144, 'LOF_1': 0.9242648130815334, 'ABOD_3': 0.9574785264298702, 'CBLOF_1': 0.8539811776873361, 'DGHL_3': 0.7505060184535264, 'LOF_2': 0.9242648130815334, 'RM_1': 0.9108244179765103, 'ABOD_2': 0.9574785264298702, 'NN_2': 0.44289517671852685, 'LOF_4': 0.9242648130815334, 'CBLOF_2': 0.8514978265548276, 'MD_1': 0.9190361013418581, 'DGHL_4': 0.7520015738546826, 'CBLOF_3': 0.8546823334738819, 'NN_1': 0.44597814504746686, 'RM_2': 0.9662365686067157, 'LSTMVAE_3': 0.9849485238913556, 'ABOD_1': 0.9574785264298702, 'RM_3': 0.9591988725445825}
 evaluation for models over the new test data:
[]
 f1_score list for models over the new test data:
{}
 pr_score list for models over the new test data:
{}