Summary of Linear Thompson Sampling:
Model: CBLOF_1
  Mean: [ 0.00608575  0.01080514 -0.00641193  0.03910591  0.05068988  0.02713343
  0.0232638   0.04564489  0.04388283  0.00289043  0.01654581  0.01826727
  0.00021751  0.02863208  0.04185788  0.03409738  0.02551028  0.04118568
  0.02282886  0.0124035   0.05441178  0.02763338  0.01927192  0.01584139
  0.04642323  0.02593572  0.07478371  0.0399326   0.02589587  0.02072393
  0.01893541  0.0183594   0.01904871  0.01583141  0.02650908  0.03302919
  0.05734829  0.03453901  0.02409774  0.02525635  0.0432657   0.0276591
  0.00821243  0.01237362 -0.01247233  0.01595699  0.00642416  0.02187264
  0.00648446  0.02749286  0.00962319  0.01704214  0.01029039  0.01832498
  0.00138628  0.02600602  0.01451902  0.04636933  0.0050242  -0.00575683
  0.02882994  0.00567639 -0.02209101  0.0179055   0.02337672  0.0346003
  0.01063767  0.01940395  0.00933477  0.03576041  0.00686801  0.02481301
  0.02615688  0.0195923   0.01505857  0.02710261  0.04316599  0.0190529
  0.01728444  0.03210824  0.01859264  0.00382807  0.00760555 -0.00241448
  0.02910776  0.01545569  0.01030782  0.00251599  0.02287223  0.02106566
  0.03062959  0.01704076  0.03230498  0.02987412  0.01801337  0.00176599
  0.0276615   0.02183468  0.01332869  0.0312468   0.01316653  0.03820349]
Model: CBLOF_2
  Mean: [ 0.02814433  0.03494661  0.00040152  0.04400171  0.03421186  0.04056201
  0.02613058  0.01358193  0.00189483  0.00638133  0.03197756  0.0530715
  0.06109437  0.01953887  0.01323034  0.03606529  0.00758982  0.04076372
  0.02075337  0.01798097  0.02295535  0.02360458  0.04057623  0.04943345
  0.00712755  0.02738124 -0.0129416   0.01397254 -0.00952659  0.0320884
  0.01937084  0.02185136  0.0230531   0.03312524  0.0607643   0.00926084
  0.03051392  0.00636417  0.0008452   0.00119668  0.02286745  0.01961987
  0.03843033 -0.00412007 -0.00756172  0.02272167  0.04143529  0.01573245
  0.00030144  0.03613619  0.02650675  0.00897677  0.04296361  0.01560656
 -0.02700248  0.04814059  0.01520054  0.02166459  0.0660286   0.02024322
  0.03374724 -0.03703022  0.02850494  0.05248417  0.01654489 -0.00393768
 -0.00814782  0.06746897  0.03472265  0.01838308  0.02187969  0.04846011
  0.01593673  0.03849781  0.03992797  0.05111713  0.03370149  0.02574053
  0.007073    0.01509479  0.02211377  0.00761396 -0.0096871   0.0225554
  0.02001639 -0.00921534  0.05152675  0.01256643 -0.00407991  0.01554457
 -0.00738524  0.01565439  0.0211899   0.01616322  0.04665944  0.03194661
 -0.00868813  0.01613174  0.01266179  0.00566026  0.04298618  0.03084788]
Model: CBLOF_3
  Mean: [ 0.01173132  0.03066908 -0.00545139  0.03129148 -0.01355746 -0.01376848
  0.00430004  0.01588646  0.02570818 -0.010516    0.07489448 -0.01819191
  0.01174317  0.02292682  0.04099623  0.00879336  0.02864405  0.00801287
 -0.00258661  0.02093015  0.06086922  0.04416494  0.00403023  0.00482489
  0.02490759  0.02135471  0.02945183  0.02695793  0.00293217  0.03175539
  0.0054972  -0.00873466  0.02346496  0.00315548  0.0106262   0.01275098
  0.00685454  0.04157607  0.03638721  0.02057216  0.02726429  0.03793914
  0.01158712  0.02726276  0.04699145  0.02634965  0.02500349  0.04110118
 -0.01892034  0.02901289  0.00932688  0.0194068   0.03850869  0.07601627
  0.01870893  0.00827145  0.01286891  0.03612818  0.00967301  0.01523644
  0.00510393  0.0233982   0.08287473  0.08037803 -0.02041974  0.0137568
  0.04888114  0.02108701  0.04635871  0.05972081  0.0326839   0.02543798
  0.04557387  0.05465605  0.07841476  0.04151718  0.0258543   0.0402828
  0.00735853  0.03613417  0.06471339  0.01811963  0.05124789  0.02843517
 -0.00119663  0.05072     0.0225406   0.01809065  0.0216373   0.03260978
  0.09280031 -0.00630211  0.03212899  0.02871154 -0.00551917  0.02767615
  0.02503992  0.00659506  0.02738717  0.01110059  0.01847074  0.00720612]
Model: CBLOF_4
  Mean: [ 1.98861424e-02  1.53381071e-02  5.05939035e-03  4.33341704e-04
  2.95867231e-02  2.64812147e-02  4.12185700e-02  5.99604691e-02
  5.51261954e-02  5.57888676e-03  4.65208500e-02 -1.25250573e-02
  3.07615251e-02  2.71483944e-02  1.09448128e-02  2.47304443e-02
  1.75704893e-02  2.46052328e-02 -8.17000170e-04  3.84824225e-02
  5.65406401e-02  4.47400707e-02  1.77395899e-02  1.66012593e-02
  1.16933217e-02  1.51373145e-02  1.66266526e-03  1.26657375e-02
  1.62760649e-02  8.24577459e-03  2.85744391e-02  2.53752025e-03
  2.09604988e-02  2.12793254e-03  9.27696945e-04  3.86421172e-02
 -2.55374372e-02 -2.88160814e-03 -5.14831074e-03  8.50121339e-03
  2.26250201e-02  2.64648557e-02 -2.61850514e-03  6.24290776e-03
  2.93374058e-02  8.58434543e-03  1.80531289e-02  4.07337485e-02
  1.32709545e-02  5.80266844e-02  1.85870621e-02  2.45384337e-02
  4.44723450e-02  2.95963990e-02  2.01345010e-04  5.22872348e-02
  6.19364816e-02  3.30671430e-02  1.71759136e-02  3.40652682e-02
  6.31727722e-02  2.38216043e-02  5.40548145e-03  2.66058432e-02
  4.41365729e-02  4.76626321e-02  1.69856689e-02  5.40438784e-02
  4.87800637e-02  2.13853999e-02  2.70203629e-02  2.84070813e-02
  3.32376204e-02  3.16453561e-02  5.03891443e-02 -8.31679765e-04
  2.20794729e-02  2.38368823e-02 -6.29544308e-03  4.49335297e-02
  5.58632785e-02 -2.32707107e-03  5.10360815e-02  7.33997935e-03
  4.93281230e-02  1.02263398e-02  1.94969547e-02  1.33873454e-02
  1.86761354e-02 -1.42960728e-05  2.86642077e-02  1.21936475e-02
  2.24989842e-02  4.66297265e-02  4.24768355e-02  3.51205635e-02
  2.72279223e-02  2.77206578e-02  3.00809667e-02  6.83418997e-04
  3.01841504e-03  5.59877050e-02]
Model: DGHL_1
  Mean: [ 0.0458693  -0.00152936  0.03205492  0.0240054   0.02900645  0.01429079
  0.00808088  0.02401034  0.04493583 -0.02374134  0.03040358  0.01813917
  0.01651664  0.01708858 -0.00213341  0.04706171  0.03625563 -0.01791296
  0.00730859  0.010956    0.0028404  -0.03108917  0.03162879  0.05204099
 -0.03196179  0.0245585   0.02436718  0.03149511  0.02122007  0.04812034
  0.03729502  0.02147676  0.03148385  0.03680452  0.01731936  0.02979144
  0.02887969  0.00841317  0.02189447  0.07024725  0.06493899  0.0568672
  0.02538999  0.02509752  0.08067603  0.0325269   0.0527165   0.06245674
  0.04898098  0.0505996   0.03762116  0.03658069  0.03837769  0.06010038
  0.07269165  0.05098456  0.04023337  0.04443198  0.06146024  0.06560541
  0.02173476  0.02820351  0.03626266  0.04517566  0.05617229  0.03396155
  0.06921798  0.0375625   0.02422126  0.01893101  0.02432538  0.01511008
  0.01827986  0.04406355  0.00938793 -0.00018262  0.00099145  0.00010664
  0.04005821  0.02270065  0.04461051  0.03581646  0.02669225  0.02871941
  0.04243583  0.02111437 -0.0284287   0.01735565  0.01872352  0.04084594
  0.03148774  0.02180534  0.04223762  0.05066092 -0.01998235  0.03235083
  0.00613243 -0.01085038  0.02942622  0.02350117 -0.0168417   0.0041005 ]
Model: DGHL_2
  Mean: [ 0.02667768  0.02479052  0.02165429  0.00337113  0.03104964 -0.02468736
  0.06533854  0.04028235 -0.01352954  0.02567903  0.0231345  -0.00449751
  0.01282147  0.04319295  0.03753306  0.0113097   0.03254619  0.03203867
  0.06517405  0.02569594  0.03137612  0.02675018  0.05428746  0.01997363
  0.01481741  0.03192527  0.01207499 -0.00258177  0.02213433  0.04625787
  0.01635848  0.00885917 -0.00113855  0.01980902  0.04222567  0.03597378
  0.00949979  0.04619427 -0.02755836  0.02250899 -0.0031434   0.04027897
  0.04016506  0.04010398 -0.01098487  0.01215063  0.02224867 -0.03606304
  0.03419869  0.04144211  0.01733222  0.03128351  0.02685891  0.0144439
  0.04517773  0.02585996  0.0454027   0.03133016  0.00603125 -0.02569904
  0.02126061  0.06270869  0.03403894  0.0213657   0.03437893  0.04279639
  0.04955715  0.02468599  0.02747557  0.03822711  0.05942768  0.00277594
  0.00404254  0.03987149  0.00562771  0.02361483  0.0318549   0.08299398
  0.02782832  0.01966113  0.03157399  0.02362184  0.03351611  0.03578004
  0.03441411  0.0103916   0.08401898  0.03533435  0.01815225  0.04167099
  0.03131344  0.02705492  0.01361749  0.02063342  0.05351775  0.04855896
  0.01806865  0.03572658  0.00970017  0.02313944  0.0280713  -0.01042093]
Model: DGHL_3
  Mean: [ 0.02592568  0.05161413  0.02898172  0.00936381  0.01619616 -0.00659316
  0.01568413  0.01647775 -0.01106582  0.00717054  0.03278179  0.01772125
  0.03601507 -0.01227251 -0.00472888  0.01262955  0.04082002  0.05707811
  0.02112763  0.02330294  0.02625895  0.01624874  0.02648896  0.00329348
  0.01607089  0.02396604 -0.00421963 -0.00521911  0.01443243  0.01707644
 -0.00627881  0.03219111  0.01108882 -0.00451958  0.0207693   0.00905472
  0.01987934  0.0073827   0.01179678  0.01046228  0.02445952  0.00759164
  0.02693576  0.0020341   0.04929061  0.03004046  0.00723066  0.01613656
  0.01570272  0.04122314  0.00697151  0.01688185  0.03876282  0.02378449
  0.05757051  0.02549782  0.01444986  0.02661456  0.02657929 -0.02813594
  0.02260264  0.0367059   0.02712664  0.04722157  0.00904251  0.00839999
  0.03989669  0.01347125  0.0321031   0.03297352  0.02289454  0.02858041
  0.02154008  0.02391862  0.02378069  0.01116651  0.03442777  0.0413157
  0.02543714  0.03306284  0.00636544  0.0443952   0.03547416  0.01587024
  0.0319418   0.04564152  0.02584     0.00375771  0.02094076 -0.00269051
  0.01497439  0.01367334  0.02082148  0.02065365  0.02039863  0.03088813
  0.03426237  0.01345759  0.02417737  0.02713249  0.01659695 -0.00906733]
Model: DGHL_4
  Mean: [-0.00672639  0.06872822  0.0303053  -0.02923516  0.04432634  0.05247848
  0.04861438  0.04039667 -0.01257938  0.04506155 -0.02950103  0.03452603
  0.05931161  0.01265901 -0.01253839  0.03872161  0.04007114  0.00930457
  0.02302135 -0.0161656   0.01841933 -0.00124326  0.02714915  0.00890559
 -0.01034437 -0.01029752  0.00089202  0.03645494  0.01674357  0.03871791
  0.00418009  0.01350563  0.0433989   0.04160599 -0.00541634  0.01264049
  0.00719794 -0.03935708  0.01937596  0.00960222  0.00523259  0.00829083
  0.03223514  0.0320424   0.03072665  0.02430072 -0.00569223  0.02485498
  0.00752758  0.05891906 -0.00914851  0.00071703  0.03157908 -0.01313419
  0.00368932  0.03001773  0.04725246  0.04218418  0.02321574  0.02477759
  0.05611924  0.05285401  0.04122863  0.02792492  0.04418133  0.05629287
  0.04328049  0.05895159  0.05077409  0.03390402  0.04517643  0.00991416
  0.0740787   0.03666003  0.03845175  0.04910071  0.06316312  0.05655933
  0.0341935   0.07547169  0.06721691  0.0804816   0.01860512  0.04400001
  0.03591565  0.0323422   0.03000698  0.03537358  0.02456945  0.0484087
  0.0313748   0.02980731  0.04659959  0.05170054  0.04104738  0.01619748
  0.03094596  0.04068706  0.06219384  0.02047631  0.01791067  0.05180176]
Model: LOF_1
  Mean: [ 4.64457446e-02  6.26767352e-02  2.13628838e-02  1.82522000e-02
  1.30985001e-02  2.31379951e-02  3.64020232e-02  2.17706437e-02
  3.70129000e-02  8.40631610e-04  6.24289548e-02  3.40924742e-02
  4.74312892e-02  2.30072381e-02  8.59720899e-03  6.59596286e-04
  9.18463635e-03 -1.27025847e-02  7.11200848e-02  2.93272729e-02
  2.69164819e-03  1.93386267e-02  1.19406291e-02  5.15329625e-02
  3.75826144e-02  2.45488812e-02 -1.46072157e-03  3.52799013e-02
  2.34569187e-02  5.40926171e-02  2.58261469e-02  6.76783272e-02
 -3.43680127e-03  3.92890543e-02 -1.16217082e-02  1.36170876e-02
  5.10563621e-02  6.36958199e-03  3.19353640e-02  4.90429913e-02
  1.13196662e-02  2.59834014e-02  3.49298439e-02 -1.23927568e-02
  1.24633290e-02  1.12048571e-02 -3.66729720e-03  2.86993270e-02
 -2.38962822e-02  1.82884107e-02  1.61850751e-02  2.40799481e-02
  5.53922271e-02  1.30267969e-02  8.86399269e-06  5.80338202e-02
 -2.18650682e-02  4.01880355e-02  1.07310531e-02  4.84810098e-02
 -2.01958478e-02  2.21363361e-02  1.89199559e-02  1.26563174e-02
  3.62416849e-02  3.95643845e-03  3.51463988e-03 -2.43231892e-02
  2.40477308e-02  5.52390746e-03  9.63745388e-03 -2.43605565e-02
  3.45978242e-02  3.87505491e-02  1.91412700e-02 -2.30560688e-02
  2.63126851e-02  1.80557381e-02  5.83399253e-02  2.98296141e-02
 -1.40069204e-02  5.36903643e-02  5.11549560e-02  1.15340201e-02
  4.18599330e-02 -1.39248352e-03  6.19718909e-02  2.29319872e-02
  2.82007886e-02  9.77810467e-04  8.85964756e-02  3.52473742e-02
 -3.01272507e-03 -1.16529810e-03  2.83240484e-02  2.20332372e-02
 -6.77710498e-03  5.23863042e-02  2.39913907e-02  2.98585611e-02
  4.23304677e-02  1.20179212e-02]
Model: LOF_2
  Mean: [ 0.02193784  0.05600466  0.05853983  0.03791189  0.04724848 -0.01041692
  0.04827742 -0.02058356  0.00244629  0.02247421  0.01772424 -0.01925964
 -0.00238737  0.01797376  0.02784203  0.02539135  0.05887491 -0.00168407
  0.02115544  0.01366431  0.02710312  0.04389679  0.04678991  0.05129034
 -0.01600945  0.02610994  0.00815529  0.00675739  0.04056866  0.03651383
 -0.02597081  0.05827514 -0.01278143  0.00861703  0.03840614  0.03647719
  0.01823527  0.03917709  0.04773545  0.0407396   0.03225872  0.03472845
  0.04236213  0.01602996  0.01739069  0.02810591  0.026925    0.04606655
  0.03158798  0.02608649  0.06119965  0.0479106   0.04483039  0.0431206
  0.00900112  0.0446512   0.00341209  0.04676546 -0.01131577  0.05220523
 -0.00660746  0.0155332   0.04453696  0.02295513  0.01640394  0.01026829
 -0.00358263  0.008229   -0.00726473  0.04111368  0.01690026  0.05184144
 -0.01423828  0.01174651  0.09041298  0.01937624  0.0384532   0.00909283
  0.00966273  0.07414768  0.01137703  0.00259677  0.02027947  0.0402912
  0.01995654 -0.01886707  0.06167733  0.02972563  0.02194372  0.03838633
 -0.01440263  0.00751968 -0.00905402  0.00525946  0.00554721  0.03162075
  0.04082221  0.02980429  0.05258678  0.03548394  0.03767409  0.02476285]
Model: LOF_3
  Mean: [ 0.00122077  0.01923067  0.02048595  0.04779172  0.03825584 -0.00090886
  0.01282417  0.03982902  0.03225842  0.03253788  0.0304658   0.06759939
  0.08520583  0.0493321  -0.01797987  0.02160613  0.0215103  -0.00424786
  0.02853636  0.01499091 -0.00252428  0.03731388  0.02413392  0.01332789
  0.00383194  0.03878031  0.03614566  0.0107568   0.0065735   0.01518921
  0.00075382  0.00142512 -0.00566945  0.01767695  0.03380683  0.03475469
  0.01154772  0.02092097 -0.00287987  0.03198751  0.02820327  0.01910356
  0.01834726  0.0270305   0.01329799  0.01579899  0.05740054  0.04959507
  0.00951477  0.01960198  0.01959533  0.01168488  0.04667609  0.0060928
  0.02950189  0.05282935  0.01702596  0.02047758  0.04068703  0.06307746
  0.01849552  0.0437673  -0.00298176  0.03169547  0.0437742   0.01553427
  0.01977478  0.00977849  0.01233667  0.02784416  0.04621474  0.02764844
  0.05143121  0.03580267  0.01699361  0.0069076   0.03022009 -0.02353116
  0.03512768  0.00834116  0.02859814  0.03431842  0.01703238  0.0309
  0.02739389  0.0572801   0.03535544  0.02820502  0.03178928  0.01191846
  0.01931634  0.05253151  0.0107168   0.02251726 -0.01278314  0.01301152
  0.0409287   0.00535446  0.05980652  0.01447894  0.05721421 -0.01591029]
Model: LOF_4
  Mean: [ 0.02460954 -0.01686079  0.00475785 -0.00939328  0.02151262  0.04983598
  0.03321007  0.01663299  0.04852471  0.04155116 -0.01317751  0.03592492
  0.04399305  0.050581    0.0399771   0.01971516  0.04279814  0.03990808
  0.02773677  0.0050515   0.0336915   0.05763833  0.01171301  0.0202277
  0.01182425  0.03771811  0.01360714  0.04290893  0.01250841  0.05314104
  0.02190848  0.02813619  0.00962124  0.04373368  0.01787327 -0.02278348
  0.00232999  0.02190204  0.00332113  0.04972417  0.01780698  0.03505245
  0.0389575   0.04342042  0.01255932  0.02404294  0.01956377  0.02648703
  0.05375649  0.02057493  0.03731375  0.04385195  0.0233427   0.02570677
  0.05305147  0.04348807  0.03376349  0.02806314  0.01865221  0.04112005
  0.01775862  0.04767056  0.01223061  0.03537923  0.03221813  0.01671821
  0.04694835  0.03252328  0.02145679  0.0261532   0.0418471   0.0003776
  0.02596921  0.03100653  0.02788608 -0.02795388  0.00413236  0.03446737
 -0.02535945  0.02410916 -0.01161625 -0.01184325  0.03344885  0.01270776
 -0.01304138  0.00490583  0.00351052  0.0253721   0.01706377  0.03295755
  0.01504835  0.05214748  0.01137898  0.04070659  0.02022564  0.02484845
 -0.00043067  0.00875384  0.01937074  0.04220186  0.02721615  0.05859503]
Model: LSTMVAE_1
  Mean: [ 0.08903873  0.09395043  0.04750674  0.00136228 -0.00298903  0.03907699
  0.06740135  0.05045613  0.08047723  0.0900515   0.11659728  0.10800078
 -0.01002863 -0.03162276  0.04251373  0.07695571  0.06915558  0.03630573
  0.09368599  0.1126195   0.08578359  0.07715294  0.13483381  0.12701867
  0.10051846  0.06255927  0.09290537  0.1488881  -0.00832301  0.12918756
  0.05300324  0.09117262  0.10360315  0.11437011  0.04432426  0.04323924
  0.04801261  0.09774537  0.04381579  0.05149271  0.11148175  0.04159915
  0.06107479  0.00037244 -0.01982631  0.06617472  0.05794029  0.05212533
  0.05432584  0.05369142  0.00102098  0.06283209  0.04095639  0.09075577
  0.00879961  0.04714484  0.02912733  0.020303    0.04454533  0.01907547
  0.06756836  0.03856906  0.11701613  0.03875356  0.01981104  0.05514074
  0.00472289  0.03397022  0.04194734  0.0279934   0.03884063  0.00732753
  0.04494578  0.04367827  0.00312726  0.00359835 -0.03551498  0.04899061
  0.06713718  0.06187483  0.02813064  0.09499159  0.02287539  0.00482222
  0.03706663  0.03755837 -0.03095315  0.0228251   0.02781016  0.07803387
  0.01159732  0.07493523  0.06149691  0.04235245  0.04101438  0.02842632
  0.02194204  0.02451315  0.02893534  0.02940904  0.08160962  0.07507585]
Model: LSTMVAE_2
  Mean: [ 0.09739021  0.05637594  0.07292302  0.07520558  0.0548293   0.10429507
  0.06668837  0.08856445  0.07551379  0.12958107  0.05016618 -0.03817927
  0.04485553  0.14067789  0.07179029  0.04104935  0.06344863  0.04901561
  0.03799039  0.06892147  0.11673224  0.14242564  0.06015965  0.01372086
  0.05407382  0.01356362  0.03015042  0.06467195  0.11512691  0.03398056
  0.06243574  0.09312958  0.01718925 -0.00349529  0.0451768   0.0327872
  0.02782066  0.04075479  0.05257179  0.02185214  0.07019216  0.05824265
  0.02315644  0.06332176  0.08406677  0.02606209  0.03200835  0.01675565
  0.04911218  0.03189807  0.01788553 -0.00205987  0.01768598  0.03079062
  0.03951981  0.00590404 -0.02819894 -0.00622198  0.0826837   0.08015409
  0.02905229  0.07096299 -0.01935214  0.0170279   0.02023828  0.04434337
  0.01280401 -0.00509586  0.03139893  0.031229    0.0197704  -0.03321009
  0.08084827  0.03688869 -0.01389035  0.05153156  0.04080249  0.02722687
  0.04428047  0.05311142  0.01308757  0.03170719  0.02873526  0.05072693
  0.04214128  0.036415    0.08980163 -0.00559256  0.04771418  0.06713957
  0.08788496  0.05875751  0.05952793  0.03216086  0.06014027  0.10936129
  0.06575568  0.05509572  0.07704413  0.05181943  0.07718205  0.10477013]
Model: LSTMVAE_3
  Mean: [ 7.60148690e-02  7.77040581e-02  6.17756189e-02  5.23254950e-02
  6.46169492e-02  3.40607199e-02  2.35763684e-02  1.14441862e-02
  4.71328176e-02  3.04353526e-02  3.45368163e-02  3.07882495e-02
  4.99256827e-02  5.85756919e-02  5.41504085e-02 -1.43433052e-02
  1.58429550e-02 -4.14626574e-03  1.21219918e-02  5.57424297e-02
  7.12374569e-02  5.67571013e-02  1.34786322e-03  2.57287774e-02
  5.59586147e-02  3.65260844e-02  2.23449665e-02  3.52438832e-02
  5.23103326e-02  2.28111500e-02  1.42187490e-02  7.24398408e-02
  4.96437697e-02  5.95672964e-02 -4.16820128e-03  4.40224033e-02
  3.90184099e-02  7.86480271e-02  8.84465636e-02 -1.41355580e-02
  3.28654400e-02  1.36965613e-02  5.05889054e-02 -6.49159708e-03
  7.31120800e-02  1.30585114e-02  5.99955858e-02  5.14521380e-02
  5.35498316e-02  6.05851676e-02  4.98082160e-02  7.33948542e-02
  6.19761177e-02  3.33720625e-02  6.20582165e-02  3.78573404e-02
  3.71914340e-02  3.10226016e-02  4.60543420e-02  6.87949334e-02
  2.66095670e-02  8.54050304e-02  3.52438032e-02  1.41960160e-02
  3.71306048e-02  2.12325562e-02 -2.67574456e-02  6.06341298e-02
  3.04519602e-02 -1.13401783e-02 -2.70453753e-05  4.50039753e-02
  5.71738699e-02  4.67752363e-02  2.92745934e-02  2.19755434e-03
  2.36213209e-02  1.72701727e-02  1.57426648e-03  7.18264051e-02
  5.37794861e-02  4.06866429e-02  6.27432788e-02  4.84639199e-02
  7.85013767e-02  6.18766903e-02  4.30756003e-02  5.33628032e-02
  3.04525537e-02  6.05971595e-02  1.07987996e-02  7.47009928e-02
  3.10517571e-02  6.91753747e-02  7.00957926e-02  1.08948750e-01
  5.40950234e-02  1.01647624e-01  7.04026048e-02  5.73701294e-02
  7.58050353e-02  1.08932950e-02]
Model: LSTMVAE_4
  Mean: [ 0.07956106  0.05179614  0.07872407  0.05284695  0.0690006   0.08351591
  0.06305789 -0.04023389  0.09899228  0.10374003 -0.03602987  0.10409231
  0.08161657  0.07594062  0.13641971  0.0076986   0.01411436  0.04355414
  0.06344218 -0.04259264  0.08998988  0.0272033   0.10018827  0.02122243
  0.0774488   0.06699866  0.01916625  0.03542151  0.10469038  0.08020886
 -0.00072222  0.12912778  0.01865865  0.09166346  0.0789832   0.07713956
  0.11277405  0.07135451 -0.00616763  0.00786214  0.05569606 -0.00105316
  0.18329988 -0.05384352 -0.01214594  0.0197036   0.14307012  0.13833156
  0.14873289  0.15324807 -0.00328783 -0.05862626 -0.03860009  0.02433931
  0.05130192  0.00536623 -0.0382097  -0.05717244 -0.03521452  0.06141172
 -0.04540002  0.04903728  0.14131018  0.1398022   0.1800086   0.12904857
  0.07934507 -0.02836307  0.02979157  0.01794022 -0.05060185  0.10050911
  0.03712051  0.03922699 -0.01848118  0.1228716   0.10189493  0.14776775
  0.11953801  0.01490864  0.11582876 -0.05200621  0.04299024  0.07760342
  0.04630048  0.16242413  0.06679883  0.19453926  0.06080982  0.15164556
  0.12056334  0.12579342  0.11033424  0.08518645  0.07982037  0.09977943
  0.03927972  0.11110638  0.15145841  0.11394603  0.15762656  0.04019602]
Model: MD_1
  Mean: [ 0.07042153  0.06775772  0.03455063  0.06343459  0.07622753  0.0217263
  0.07470587  0.03438     0.07905807  0.09604684  0.07358593  0.08580986
  0.05411199  0.04153525  0.0465573   0.04905497  0.03536536  0.07968346
  0.03777208  0.06166094  0.03428525  0.06588169  0.00900502  0.02636557
 -0.01001401 -0.01233692  0.06772322  0.05194524  0.08081927  0.01036841
  0.07414392  0.05584961  0.06330542  0.0390285   0.00214953  0.02953052
 -0.00135854  0.03473608  0.01996506  0.07362806  0.03503469  0.02055568
  0.06038892  0.00754647 -0.01221005 -0.0405806   0.0257963  -0.00628326
  0.01252239  0.01645227  0.0287658   0.00950096  0.03567934  0.013141
  0.09258569  0.03852896 -0.00986239  0.04253931  0.05450515  0.0350937
  0.01318467  0.02793127 -0.03075849  0.03605217  0.01750305  0.04938333
  0.05679799  0.04783295  0.05023874  0.01815296  0.04709341  0.03873603
  0.02349008  0.05440694  0.02568289  0.00692405  0.03365469  0.0165264
  0.04397837  0.01802737  0.02716076  0.01306474  0.04278559  0.04246203
  0.00564351  0.01887683  0.05440289  0.08964069  0.05245231  0.02593548
  0.00039241  0.03699058  0.06936045  0.0362526   0.01609021  0.01082373
  0.03751153  0.0609966   0.05057672  0.04461459  0.06713131  0.06949662]
Model: RM_1
  Mean: [ 0.0419211   0.04101911  0.03587897  0.05235553  0.03010761 -0.00035175
  0.01693711  0.03528683  0.03180204  0.03728377 -0.00522061  0.01661411
 -0.00643473 -0.00975926  0.04636915  0.05131623  0.02636632  0.05338981
  0.03161726  0.02994788 -0.00271456  0.0109447   0.00776289  0.0343663
  0.05711612  0.04828835  0.01423111  0.01159839  0.05640647  0.02663603
  0.03123426  0.04285176  0.01360133  0.03252655  0.00461659  0.02940211
  0.00297204  0.02732498  0.01486419 -0.01212259  0.0166145   0.04610784
  0.03659407  0.05076498  0.0565296   0.01767427  0.04620693  0.03664867
  0.01777968  0.02392473  0.06679008  0.01925261  0.05219193  0.04198534
  0.04261464  0.03611937  0.00810074 -0.02271479  0.03923739 -0.01054236
  0.04347729  0.05183804 -0.00961249  0.03044667  0.0088103  -0.00638533
  0.00582432  0.01774108  0.03480268  0.02763261  0.00232415  0.02337525
  0.05087033  0.03378002 -0.00978228 -0.00084209  0.01083987  0.04636799
  0.02282544  0.01372263  0.01243025  0.00986957  0.00746416  0.03490642
  0.03623733  0.02905924 -0.02166687 -0.00894133  0.01770441 -0.02793635
 -0.00173695 -0.04089816 -0.00459937  0.03013825  0.03403495  0.03472404
 -0.00044227  0.04526121  0.02603553  0.00055882  0.04309367  0.00705207]
Model: RM_2
  Mean: [ 0.05418396  0.05294627 -0.00215959  0.05206936  0.02622647  0.03312145
  0.00222808  0.04420637  0.0067506   0.00520566  0.0018504   0.03991334
  0.02600964  0.04894284  0.02242275 -0.00463816  0.04789231  0.01224231
  0.02142055 -0.01066854  0.03753501 -0.03128227  0.0437589   0.05038924
  0.05566627  0.00840131  0.00864686  0.01484088  0.03604297  0.05723295
  0.00845343 -0.00596875  0.05906683  0.05272137  0.02398741  0.02355334
  0.04647002 -0.00725877  0.02478437  0.01850093  0.00834108  0.08190346
 -0.00389175 -0.00874353  0.00519998  0.03328653  0.0150241   0.01489427
 -0.01246928  0.02718786  0.04815559  0.08516123  0.06300073  0.0497511
  0.00220165  0.03369199  0.02498195 -0.00087044  0.01423331  0.035613
  0.05795077  0.03932796  0.00905866  0.04824766  0.0328908   0.05523028
  0.07404348  0.02111246  0.02819222  0.05609182  0.07452009  0.06088937
 -0.00301373  0.04404813  0.01686522  0.05102603  0.03502758  0.04506921
  0.03928138  0.02826592  0.06992463  0.03189591  0.02540155  0.05362296
  0.07029034  0.05339004 -0.01374415  0.00672309  0.05811666 -0.01801549
  0.02252164  0.0008478   0.06203021  0.01659876  0.04512458  0.01708963
  0.03769478  0.0018856   0.0214462   0.01185033  0.07352741  0.05856713]
Model: RM_3
  Mean: [-0.01588624 -0.00411198  0.00304955  0.02515755  0.01200912 -0.02755079
 -0.01220616  0.02881934  0.01410918  0.02539174  0.01313115 -0.02889617
  0.00861697 -0.01893372  0.00984834  0.01526899  0.01936345 -0.01003698
  0.02479418  0.0162936   0.01924001  0.02026783  0.02184246  0.04014224
  0.01149757  0.01302349  0.03762571  0.04724387 -0.00241689 -0.0017621
  0.01308142  0.00258689  0.03523829  0.02748577  0.02265634  0.03872824
  0.05437461  0.0312661   0.0252696   0.02455432  0.03466117  0.0388616
  0.02980055  0.0339289   0.03575243  0.02855554  0.00556421  0.04036607
  0.02260121  0.02141637  0.02958328  0.01313281  0.02626091 -0.00220419
  0.00451864  0.01866928  0.00786502 -0.00261318  0.02538243  0.03374922
  0.03483359  0.0276099   0.00200811  0.0570473  -0.01843291  0.03267641
  0.00198887  0.00951028 -0.01466683  0.03949636  0.02081227  0.02264741
  0.00410751  0.02641368 -0.00297645  0.04098344  0.02267081  0.02184049
  0.03895678  0.03825801  0.02603848  0.02512352 -0.00124649  0.02666285
  0.04016796  0.02292602  0.02162092  0.03191638  0.03119056  0.0022403
  0.03864541  0.02544367  0.01622914  0.02809987 -0.00573625  0.01492873
  0.01343761 -0.00022825 -0.01365503  0.00519812  0.01844437  0.02166424]
choses models for each round
['LSTMVAE_4', 'LSTMVAE_4', 'LSTMVAE_3', 'CBLOF_3', 'LOF_3', 'LSTMVAE_4', 'CBLOF_3', 'MD_1', 'RM_2', 'LSTMVAE_2', 'CBLOF_3', 'CBLOF_3', 'LOF_1', 'MD_1', 'RM_1', 'LOF_3', 'LSTMVAE_1', 'LSTMVAE_2', 'LOF_2', 'DGHL_4', 'CBLOF_1', 'LSTMVAE_4', 'LSTMVAE_4', 'LSTMVAE_2', 'CBLOF_2', 'DGHL_4', 'CBLOF_3', 'DGHL_1', 'DGHL_4', 'LOF_2', 'CBLOF_1', 'LOF_4', 'MD_1', 'LOF_3', 'CBLOF_4', 'CBLOF_3', 'CBLOF_4', 'RM_1', 'LSTMVAE_2', 'LSTMVAE_3', 'CBLOF_1', 'LSTMVAE_4', 'CBLOF_4', 'LOF_3', 'MD_1', 'DGHL_3', 'RM_1', 'DGHL_1', 'LOF_1', 'CBLOF_2', 'RM_3', 'LSTMVAE_1', 'CBLOF_3', 'DGHL_4', 'LSTMVAE_2', 'RM_1', 'LSTMVAE_4', 'LSTMVAE_3', 'CBLOF_3', 'RM_2', 'LSTMVAE_2', 'RM_2', 'LSTMVAE_1', 'MD_1', 'LSTMVAE_1', 'LSTMVAE_1', 'LOF_2', 'CBLOF_1', 'CBLOF_1', 'LSTMVAE_1', 'RM_1', 'DGHL_4', 'LOF_2', 'LOF_2', 'CBLOF_1', 'CBLOF_2', 'CBLOF_2', 'LOF_2', 'DGHL_1', 'CBLOF_4', 'RM_2', 'LSTMVAE_4', 'CBLOF_4', 'CBLOF_4', 'MD_1', 'DGHL_2', 'CBLOF_3', 'LOF_1', 'LOF_3', 'CBLOF_1', 'RM_2', 'LOF_2', 'LSTMVAE_3', 'LOF_2', 'LOF_1', 'LOF_2', 'LOF_4', 'LSTMVAE_1', 'MD_1', 'LOF_1', 'CBLOF_1', 'LOF_4', 'DGHL_2', 'LOF_1', 'RM_1', 'DGHL_4', 'CBLOF_2', 'RM_3', 'LOF_2', 'CBLOF_2', 'DGHL_2', 'DGHL_2', 'DGHL_1', 'LOF_1', 'LSTMVAE_2', 'RM_2', 'RM_2', 'RM_2', 'LSTMVAE_1', 'DGHL_2', 'CBLOF_4', 'LOF_2', 'DGHL_1', 'RM_1', 'MD_1', 'LOF_3', 'LOF_4', 'CBLOF_3', 'LOF_4', 'DGHL_3', 'LSTMVAE_4', 'LOF_4', 'LOF_4', 'CBLOF_4', 'MD_1', 'MD_1', 'CBLOF_1', 'DGHL_2', 'LOF_1', 'RM_3', 'LSTMVAE_2', 'CBLOF_4', 'RM_2', 'DGHL_1', 'DGHL_4', 'DGHL_4', 'LOF_3', 'LOF_3', 'LOF_1', 'CBLOF_3', 'LOF_3', 'RM_3', 'RM_2', 'LOF_4', 'DGHL_2', 'RM_3', 'LSTMVAE_3', 'DGHL_3', 'RM_3', 'LOF_1', 'LOF_1', 'RM_3', 'LOF_3', 'LOF_2', 'LSTMVAE_4', 'LSTMVAE_4', 'CBLOF_3', 'DGHL_2', 'DGHL_4', 'MD_1', 'CBLOF_2', 'CBLOF_2', 'CBLOF_4', 'LOF_4', 'MD_1', 'LOF_3', 'CBLOF_4', 'CBLOF_2', 'RM_2', 'MD_1', 'CBLOF_2', 'RM_1', 'DGHL_3', 'LSTMVAE_4', 'CBLOF_2', 'DGHL_4', 'LOF_4', 'MD_1', 'LOF_2', 'LSTMVAE_3', 'DGHL_1', 'LOF_4', 'DGHL_1', 'DGHL_1', 'RM_3', 'RM_3', 'LSTMVAE_4', 'LSTMVAE_4', 'CBLOF_3', 'DGHL_3']

Models ranked by mean score:
1. LSTMVAE_4 with score 0.7976943774197216
2. LSTMVAE_1 with score 0.41891124407900426
3. LSTMVAE_2 with score 0.3594647538768969
4. LSTMVAE_3 with score 0.25612636592765203
5. MD_1 with score 0.21960157340046435
6. RM_2 with score 0.15462372158987464
7. DGHL_4 with score 0.14190028798016935
8. DGHL_1 with score 0.13222524852828338
9. LOF_2 with score 0.11560233572366199
10. CBLOF_3 with score 0.11395388707873746
11. DGHL_2 with score 0.11145990426994637
12. LOF_1 with score 0.10703048401234509
13. RM_1 with score 0.09941538996307861
14. LOF_3 with score 0.09754060649977785
15. LOF_4 with score 0.09654148801611837
16. CBLOF_4 with score 0.09487762456908862
17. CBLOF_2 with score 0.08752188682116373
18. CBLOF_1 with score 0.07135511445694559
19. DGHL_3 with score 0.06541965224891258
20. RM_3 with score 0.0635039205085822

[LSTMVAE_4, LSTMVAE_1, LSTMVAE_2, LSTMVAE_3, MD_1, RM_2, DGHL_4, DGHL_1, LOF_2 ,CBLOF_3 , DGHL_2 , LOF_1, RM_1, LOF_3, LOF_4, CBLOF_4, CBLOF_2,CBLOF_1, DGHL_3, RM_3]

 evaluation for models over the current test data:
[2278, 2224, 2318, 2266, 3445, 1919, 1790, 2040, 2282, 3975, 1735, 2282, 2163, 2282, 2282, 3886, 3941, 3724, 1910, 2435]
 f1_score list for models over the current test data:
{'LSTMVAE_4': 0.7826929556960175, 'LSTMVAE_1': 0.7831023846684662, 'LSTMVAE_2': 0.7815567367856702, 'LSTMVAE_3': 0.7822494517484817, 'MD_1': 0.7194535082898753, 'RM_2': 0.8171687867576413, 'DGHL_4': 0.830296738366375, 'DGHL_1': 0.8069709820939721, 'LOF_2': 0.7600781792510168, 'CBLOF_3': 0.6728899426092046, 'DGHL_2': 0.8291161988578453, 'LOF_1': 0.7600781792510168, 'RM_1': 0.7909075806633971, 'LOF_3': 0.7600781792510168, 'LOF_4': 0.7600781792510168, 'CBLOF_4': 0.6768198906564343, 'CBLOF_2': 0.6734960262028596, 'CBLOF_1': 0.6733314385751793, 'DGHL_3': 0.8170202991847277, 'RM_3': 0.764049577110105}
 pr_score list for models over the current test data:
{'LSTMVAE_4': 0.8532277773173272, 'LSTMVAE_1': 0.85456635827173, 'LSTMVAE_2': 0.8512712433041684, 'LSTMVAE_3': 0.8532404136905462, 'MD_1': 0.7840032644601569, 'RM_2': 0.8607198086637334, 'DGHL_4': 0.8601492140225021, 'DGHL_1': 0.8470666775800189, 'LOF_2': 0.8446059362236612, 'CBLOF_3': 0.6673452765328669, 'DGHL_2': 0.8620635224466174, 'LOF_1': 0.8446059362236612, 'RM_1': 0.8325370273931476, 'LOF_3': 0.8446059362236612, 'LOF_4': 0.8446059362236612, 'CBLOF_4': 0.6966351573302008, 'CBLOF_2': 0.6665940519294974, 'CBLOF_1': 0.6626437089066337, 'DGHL_3': 0.8539495459917541, 'RM_3': 0.8367866727731254}
 evaluation for models over the new test data:
[]
 f1_score list for models over the new test data:
{}
 pr_score list for models over the new test data:
{}