Summary of Linear Thompson Sampling:
Model: LOF_1
  Mean: [-0.01457282 -0.00617501  0.0505455   0.06017489 -0.11646462  0.06131381
  0.08808857  0.0985303   0.0170562   0.18756493  0.04293899  0.06615417
  0.2019401   0.11593761  0.05604662  0.05201501  0.10025001  0.06870187
  0.05111421  0.13784306  0.00911628  0.07404964  0.08249647  0.08781888
  0.06798362  0.03097344  0.08363524  0.10342937  0.07513957  0.09125014
  0.23850422  0.07218331  0.        ]
Model: LOF_2
  Mean: [ 0.35034725  0.27269325  0.09396217  0.14379308 -0.14216659  0.10925033
  0.12365811  0.10802371  0.22229178  0.1567113  -0.01583583  0.3092781
  0.16233723  0.30033701  0.00507545  0.12759706  0.25284156  0.34764467
 -0.0552328   0.26980569  0.22859299  0.08433763  0.04275124  0.21221957
  0.21536855  0.19539153  0.25956992  0.2343549   0.14788684  0.29648701
  0.22790222  0.05998762  0.        ]
Model: LOF_3
  Mean: [ 0.26704667 -0.130727    0.30231307  0.32849913  0.1120043   0.31408484
  0.11920485  0.0880997  -0.01162407  0.13472125  0.02024179  0.01844127
  0.19860361  0.25551532  0.12195592  0.46450597 -0.02165613  0.19126447
  0.1473112   0.27760957  0.00774567  0.00791566  0.29110511  0.21399517
  0.12713175  0.0572159   0.01282661 -0.08987223  0.16191942  0.21849931
  0.10421439  0.12188905  0.        ]
Model: LOF_4
  Mean: [ 0.27047084  0.03013045 -0.05528648  0.18519453 -0.00374772  0.11980453
  0.2398898   0.06788159  0.41230231  0.11766249  0.31017728  0.05003739
 -0.02584054  0.04300676  0.61670242  0.14037505  0.35520713  0.4029329
 -0.06456408  0.20277729 -0.01253201  0.20109489 -0.06280727  0.22144533
  0.10134933  0.24239402  0.20817724  0.21845154  0.1882177   0.29470683
  0.13829724  0.2562381   0.        ]
Model: NN_1
  Mean: [ 0.05183262  0.09428566  0.06419056  0.05444967  0.10510351  0.0097964
  0.22610244  0.06181903  0.04994398  0.07193735  0.1035236  -0.00656988
  0.06516815  0.04954497  0.01467561  0.03719292  0.04714612  0.03103569
  0.08787489  0.00614736  0.13153712  0.02875776  0.06204031  0.01369964
  0.01115466  0.0605288   0.08894338  0.05920627  0.09671874 -0.00466128
  0.04107228  0.00247752  0.        ]
Model: NN_2
  Mean: [ 0.031471    0.03422342  0.03136133  0.03671781  0.02767884  0.02959731
  0.04694807  0.09341499  0.06578503  0.06802931  0.08859698  0.01682974
  0.02075065  0.0479593   0.02614059  0.0377819   0.06200022  0.0345067
  0.01374477  0.04586095  0.04107383  0.0437851   0.05719591  0.00547384
  0.03283349  0.07452772  0.10461655 -0.00135464  0.02978829  0.03102058
  0.07001774  0.06638681  0.        ]
Model: NN_3
  Mean: [ 0.02513146  0.01731029  0.03039088  0.05292302  0.05444171 -0.00333189
  0.05586814  0.03155612  0.0548728   0.08455671  0.0389133   0.09989742
  0.12176394  0.06805656  0.09819813  0.05146674  0.11866029  0.02558586
  0.04833869  0.02090017  0.00478322  0.08750446  0.01974745 -0.06301203
  0.00842218  0.01120538 -0.01321026 -0.00467617  0.08927616  0.05421133
  0.05952142  0.08384203  0.        ]
Model: RNN_1
  Mean: [ 0.06852637  0.15036966  0.17791771  0.13884901  0.27531329  0.30531053
  0.27518823  0.2871314   0.21004487  0.24753297  0.16308899  0.30984065
  0.2263268   0.42482856 -0.02447569  0.34922679  0.34718257  0.0803595
  0.17007204  0.11634923  0.21960831  0.20158415  0.28610543  0.09595761
  0.14352872  0.11233756  0.20913683 -0.07670593  0.22337901  0.09982487
  0.09181102  0.16890194  0.        ]
Model: RNN_2
  Mean: [ 0.1187192   0.06221171  0.31783062  0.16611251  0.15938841  0.15660762
  0.17035268 -0.16085909  0.09399441  0.13225517  0.35137767  0.20005836
  0.10827247  0.11387112  0.10381736  0.10522685  0.18918785  0.22156101
  0.27038531  0.13074189  0.02302643  0.25855556  0.25573271  0.1140375
  0.17327423 -0.01837825  0.14526297  0.25430403  0.23862167  0.11119935
  0.16370881  0.00403623  0.        ]
Model: RNN_3
  Mean: [ 0.15838311  0.21942088  0.15624308  0.27211573  0.10459353  0.26726497
  0.32735459  0.00411007  0.25455316  0.33711561  0.07169583  0.00801279
  0.12533272  0.3996017   0.12584174  0.03293305  0.15121219 -0.02449444
  0.03563637  0.1532986   0.03061626  0.0561693   0.05753095  0.0529935
  0.27242068  0.11216052  0.07961362  0.30549918 -0.00133695  0.16920568
 -0.04275352  0.0570205   0.        ]
Model: RNN_4
  Mean: [ 0.18621124  0.48710296  0.02384094  0.09961583  0.11539318  0.0802751
  0.23527382  0.22569801  0.12442656  0.28424168  0.15460092  0.09742885
  0.02553438 -0.18575513  0.16361428  0.10596567  0.15608608  0.19685671
  0.27285235  0.18706768  0.17857227  0.06942832  0.08967947  0.09806374
  0.05980006  0.23700767  0.10437024  0.15416882  0.16381947  0.1445765
  0.04993325  0.18842617 -0.03904635]

Models ranked by mean score:
1. LOF_4 with score 1.6675744753827366
2. RNN_1 with score 1.5167235261014071
3. LOF_2 with score 1.3274928945628686
4. LOF_3 with score 1.1691118290223992
5. RNN_2 with score 1.0208808002040026
6. RNN_4 with score 1.0199099330776216
7. RNN_3 with score 1.0158157840905278
8. LOF_1 with score 0.29878584448019263
9. NN_1 with score 0.17086342708987642
10. NN_3 with score 0.11657516745477589
11. NN_2 with score 0.08196640879255922
