Summary of Linear Thompson Sampling:
Model: LOF_1
  Mean: [[0.]
 [0.]
 [0.]
 [0.]
 [0.]
 [0.]
 [0.]
 [0.]
 [0.]
 [0.]
 [0.]
 [0.]
 [0.]
 [0.]
 [0.]
 [0.]
 [0.]
 [0.]
 [0.]
 [0.]
 [0.]
 [0.]
 [0.]
 [0.]
 [0.]
 [0.]
 [0.]
 [0.]
 [0.]
 [0.]
 [0.]
 [0.]
 [0.]
 [0.]
 [0.]
 [0.]
 [0.]
 [0.]
 [0.]
 [0.]
 [0.]
 [0.]
 [0.]
 [0.]
 [0.]
 [0.]
 [0.]
 [0.]
 [0.]
 [0.]
 [0.]
 [0.]
 [0.]
 [0.]
 [0.]
 [0.]
 [0.]
 [0.]
 [0.]
 [0.]
 [0.]
 [0.]
 [0.]
 [0.]
 [0.]
 [0.]
 [0.]
 [0.]
 [0.]
 [0.]
 [0.]
 [0.]
 [0.]
 [0.]]
Model: LOF_2
  Mean: [ 0.30115013  0.29424302  0.31542483  0.37607271  0.26339125  0.1216579
  0.23516498  0.08369898  0.23717307  0.29194065  0.20709995  0.33986526
  0.31128056  0.30299203  0.64558484  0.32473786  0.39815155  0.24128849
  0.47199229 -0.16319437  0.2891778   0.29378254  0.2490318   0.30575487
  0.30299203  0.41616489  0.62900777  0.17288085  0.25187939  0.22517189
  0.08658648  0.34502605  0.23864775  0.30207108  0.31312246  0.30437345
  0.49500163  0.63683582  0.19621863  0.20341677  0.19909794  0.58099236
  0.18418529 -0.00596332  0.84057674  0.36690481  0.06545088  0.29117057
  0.05742646  0.22257836  0.27398215  0.50656123  0.28871733  0.53893902
  0.10678371  0.29516397  0.29976871  0.29668275  0.1970259   0.64558484
  0.28865854  0.25694461  0.23346042  0.42544982  0.0464015   0.29608491
  0.29930823  0.68247895  0.30805724  0.30621535  0.62808681  0.57341927
  0.65245608  0.25924698]
Model: LOF_3
  Mean: [ 0.32117496  0.3353909   0.34539471 -0.19951263  0.57864144  0.90134126
  0.47593032  0.07041669  0.22692854  0.23748392  0.38805335  0.31064463
  0.48760391  0.32486057  0.66244855  0.36066368  0.69658108  0.25532769
  0.3871718   0.47336253  0.2206997   0.10476193  0.56312113  0.45371115
  0.46182308  0.53556473  0.32117496  0.70869096  0.4227926   0.11657774
  0.25536042  0.31538328  0.36625133  0.33065225  0.59280739  0.26518639
  0.33381135  0.32854618  0.68236514  0.61133234 -0.06229786  0.2611521
 -0.32253201  0.33065225  0.32696664  0.31117115  0.32064844  0.3353909
  0.3259136   0.63655822  0.71448265  0.29274308  0.27168242  0.33383229
  0.27630818  0.3353909  -0.02213309  0.1325701   0.54095801  0.3322318
  0.39120163 -0.03265555  0.29484914  0.28010668 -0.06697326  0.33665681
  0.33697045  0.42305144  0.25159375  0.09318698  0.33170528  0.33433786
  0.67762649  0.04313455]
Model: LOF_4
  Mean: [ 9.61970798  9.53316826 12.17620135 11.06853657 18.06780934 11.74974277
 14.31061832  6.72694576  8.47290672  7.92933708  9.55655522 14.08029797
  8.14682255 10.20866442 16.14582486 12.09178952  9.50573479 11.74242579
 11.87115933 10.88107427  8.19238738  9.12310144  6.46975478  9.33863203
  9.82523128 15.08094723  6.55056926  8.6202542   8.71947459  8.9945078
  8.88179128  8.1900336  12.04191868  9.77775039 11.56964646 10.53702177
 16.73658362 13.00935576 14.07392084 10.43259882  9.97894708 11.77274385
 10.49791918  7.08497505  2.93489631 11.53845844 18.04669978 10.79090152
 10.19196844 13.55451108 21.11272313 14.9437167   2.49644147 10.41657491
  5.23484094 11.31054603  9.75440226 12.57921794 14.01040707  9.27128628
  1.55411056  7.36156663 13.32208253  9.15224779  9.91774871  5.68304698
  9.88015718 13.30661888 19.77673934 10.93145728  4.37080428 12.16643086
  8.42396371 14.67264813]
Model: NN_1
  Mean: [ 0.19988331  0.1955715   0.4050024   0.37543569  0.17278049  0.16076901
  0.15368532  0.19310761  0.19218365  0.18294405  0.18694788  0.19495553
  0.16000304  0.19341559  0.11272561  0.33523668  0.16616527  0.11733828
  0.17801626  0.184176    0.18140412  0.17863224  0.18448398  0.33869102
  0.17102264  0.32985366  0.37851555  0.161077    0.1518374   0.12319465
  0.18571593  0.18848781  0.10843084  0.18386801  0.19372358  0.19310761
  0.20124465  0.3989874   0.4657751   0.36554385  0.00938628  0.17801626
 -0.11210189  0.13582818  0.19403157  0.45156521  0.53301678  0.10934871
  0.23406983  0.38164934  0.17740029  0.17185653  0.1450617   0.07650354
  0.19988331  0.2567426   0.19649546  0.35492108  0.01342688  0.32230454
  0.76776001  0.45166744  0.17832425 -0.02359959  0.16292492  0.38611319
  0.55577078  0.19526351  0.19926734  0.29424079  0.20388714  0.02033309
  0.4163979   0.06739884]
Model: NN_2
  Mean: [[0.]
 [0.]
 [0.]
 [0.]
 [0.]
 [0.]
 [0.]
 [0.]
 [0.]
 [0.]
 [0.]
 [0.]
 [0.]
 [0.]
 [0.]
 [0.]
 [0.]
 [0.]
 [0.]
 [0.]
 [0.]
 [0.]
 [0.]
 [0.]
 [0.]
 [0.]
 [0.]
 [0.]
 [0.]
 [0.]
 [0.]
 [0.]
 [0.]
 [0.]
 [0.]
 [0.]
 [0.]
 [0.]
 [0.]
 [0.]
 [0.]
 [0.]
 [0.]
 [0.]
 [0.]
 [0.]
 [0.]
 [0.]
 [0.]
 [0.]
 [0.]
 [0.]
 [0.]
 [0.]
 [0.]
 [0.]
 [0.]
 [0.]
 [0.]
 [0.]
 [0.]
 [0.]
 [0.]
 [0.]
 [0.]
 [0.]
 [0.]
 [0.]
 [0.]
 [0.]
 [0.]
 [0.]
 [0.]
 [0.]]
Model: NN_3
  Mean: [ 0.22293564  0.19940783  0.24954906  0.25649169  0.45003579  0.24530634
  0.46524364  0.25494889  0.24877766  0.32861793  0.50218373  0.22370704
  0.2365436  -0.04783539  0.37369677  0.20453247  0.42425937  0.25032046
  0.26112011  0.26529739  0.49092512  0.38588066  0.41732934  0.22409274
  0.21059318  0.21290739 -0.24001828  0.18194264  0.32185879  0.26424134
  0.26112011  0.2756124   0.30598467  0.61969342  0.23026397  0.14426686
  0.11396823  0.25610599  0.19922344  0.2668751   0.12443507  0.11042934
  0.35403861  0.25417748  0.44416316  0.39431786  0.22370704  0.14492599
  0.05912632  0.35398877  0.5689991   0.23990652  0.24183502  0.25109187
  0.32386508  0.26960555  0.50411224  0.23402211  0.34735936  0.36699328
  0.15671649  0.20663912  0.30879298  0.20547508  0.17782985  0.25031262
  0.24106362  0.8107412   0.2941582   0.34039813  0.19632221  0.38468941
  0.28027883  0.23952081]
Model: RNN_1
  Mean: [ 0.33091079  0.35806245  0.34788058  0.35353717  0.36315338  0.38872024
  0.37899185  0.26598923  0.32921381  0.14375407  0.649736    0.19300365
  0.06211803 -0.10694067  0.20207028  0.3908707   0.36824432  0.2639375
  0.85184399  0.3673945   0.14347226  0.42510083 -0.34514117 -0.10189249
  0.65257169  0.53533325  0.55021788  0.81405264  0.34581486  0.76429118
  0.32581986  0.00477125  0.34448662  0.36824432  0.3490119  -0.00862756
 -0.00777136  0.36258772  0.35579981  0.47418706  0.52272004  0.32412288
  0.29583991  0.28007791  0.62544081  0.37333525  0.27206973  0.04230319
  0.39539597  0.39652729  0.50522557  0.62250921  0.33656739  0.29244595
  0.46453914  0.36032509  0.35579981  0.35693113  0.1400821   0.20924188
  0.18353475  0.70877132  0.30907102  0.30998139 -0.16115249  0.35523415
  0.8740182   0.15706888  0.35749679  0.31560479  0.13651787  0.64109565
  0.5373765   0.30206216]
Model: RNN_2
  Mean: [ 0.03658017  0.63351758  0.3779584   0.39280455  0.06636087  0.54627668
  0.61676594  0.44460252  0.39527891  1.16784504  0.58766035  0.55140269
  0.30743916  0.72670068  0.40455776  0.39837186  0.47551545  0.41767371
  0.40455776  0.39651609  0.3884723   0.98104193  0.34641032  0.31919236
  0.3352757   0.411708   -0.27181598 -0.08751046  0.40022763  0.40393917
  0.3903302   0.86873021  0.64693292  0.23429287  0.32970839  0.27341672
  0.39899045  0.3863169   0.52305882  0.38290712  0.40332058  0.39466032
  0.28473582  0.8462309   0.34331737  0.07909789 -0.3557123  -0.0371926
  0.40579494  0.7794093   0.38909302  0.40703212  0.68761908  0.42930136
  1.12811844  0.0114333   0.66832138  0.28331415  0.74659855  0.54847839
  0.60563218  0.38661866  0.5162868   0.43912944  0.52935107  0.82891039
  0.31638287  0.34022442  0.29568595  0.3215181   0.39775327  0.3903302
  0.38847443  0.35146904]
Model: RNN_3
  Mean: [[0.]
 [0.]
 [0.]
 [0.]
 [0.]
 [0.]
 [0.]
 [0.]
 [0.]
 [0.]
 [0.]
 [0.]
 [0.]
 [0.]
 [0.]
 [0.]
 [0.]
 [0.]
 [0.]
 [0.]
 [0.]
 [0.]
 [0.]
 [0.]
 [0.]
 [0.]
 [0.]
 [0.]
 [0.]
 [0.]
 [0.]
 [0.]
 [0.]
 [0.]
 [0.]
 [0.]
 [0.]
 [0.]
 [0.]
 [0.]
 [0.]
 [0.]
 [0.]
 [0.]
 [0.]
 [0.]
 [0.]
 [0.]
 [0.]
 [0.]
 [0.]
 [0.]
 [0.]
 [0.]
 [0.]
 [0.]
 [0.]
 [0.]
 [0.]
 [0.]
 [0.]
 [0.]
 [0.]
 [0.]
 [0.]
 [0.]
 [0.]
 [0.]
 [0.]
 [0.]
 [0.]
 [0.]
 [0.]
 [0.]]
Model: RNN_4
  Mean: [7.51712953e+255 7.58643351e+255 7.25965942e+255 6.94965900e+255
 6.55227979e+255 8.07384815e+255 8.03998333e+255 6.96082839e+255
 7.70133889e+255 7.05372979e+255 8.25567401e+255 7.32103388e+255
 7.78104523e+255 7.68645585e+255 6.89119870e+255 6.88067843e+255
 8.48912393e+255 7.26311391e+255 6.97422023e+255 7.92782265e+255
 7.80609649e+255 8.32014293e+255 7.65908782e+255 7.69210441e+255
 8.02467859e+255 7.13650152e+255 6.83540573e+255 7.72930322e+255
 8.37236165e+255 7.02217501e+255 7.67552777e+255 8.04122860e+255
 8.30980276e+255 7.76016560e+255 6.75963720e+255 8.55622749e+255
 7.01254882e+255 7.02346094e+255 8.18426007e+255 7.73174856e+255
 6.93967127e+255 7.70813452e+255 8.25562653e+255 7.66513202e+255
 7.26653576e+255 6.67422196e+255 7.08205481e+255 6.94274782e+255
 7.70616037e+255 8.12045221e+255 7.10504881e+255 7.73858619e+255
 8.05612866e+255 7.23844451e+255 7.95380758e+255 8.11600242e+255
 6.72840152e+255 7.13065729e+255 8.05505775e+255 6.55598866e+255
 7.85008950e+255 6.77863670e+255 7.44840252e+255 7.22415494e+255
 7.70562322e+255 8.17302592e+255 7.18310806e+255 7.25233110e+255
 8.35073538e+255 7.50291204e+255 6.84771579e+255 7.23151720e+255
 7.91335635e+255 6.11102095e+255]

Models ranked by mean score:
1. RNN_4 with score inf
2. LOF_4 with score 9355.310176484403
3. RNN_2 with score 18.43781278744295
4. RNN_1 with score 12.19629155727092
5. LOF_3 with score 11.806070367881603
6. LOF_2 with score 9.634304520775093
7. NN_3 with score 7.262251796325974
8. NN_1 with score 5.195893072706582
9. LOF_1 with score 0.0
10. NN_2 with score 0.0
11. RNN_3 with score 0.0
