Summary of Linear Thompson Sampling:
Model: LOF_1
  Mean: [ 0.05681169  0.04584556  0.0590146   0.08755229 -0.02038073  0.1435931
 -0.03227377  0.21787883  0.24043821  0.02991252 -0.03429925  0.06833441
  0.15464925  0.00969013  0.07411248  0.10486712  0.05036484 -0.08890703
 -0.08099371  0.18429783 -0.00398953  0.13269809  0.05688592 -0.00436952
  0.02327213  0.128927   -0.02900329  0.00858592 -0.03622119 -0.10180711
  0.02785956  0.02088397  0.05785396 -0.0757769   0.11959969  0.08723287
 -0.09628199  0.03234302  0.07558316  0.03657081 -0.16592839  0.15408256
  0.06365029  0.09381125  0.03207488 -0.03743651 -0.0512941  -0.07094149
  0.12597022 -0.01514438 -0.02339305  0.03942099 -0.0665964  -0.00935741
  0.18973309  0.07339871 -0.00927627  0.00428708  0.05773014  0.08371203]
Model: LOF_2
  Mean: [ 0.0481184   0.10390284  0.15567799  0.1578792  -0.07378502 -0.03396837
  0.02356613 -0.04975046 -0.04401231  0.03510696 -0.02624909  0.1261955
  0.01437418  0.14895341 -0.019377    0.10559202  0.03929031  0.01870603
 -0.0099443   0.05212482  0.07925658  0.15648923  0.01776228  0.11749485
  0.24371624  0.05130111  0.05233934  0.26913507  0.00780487 -0.01919544
 -0.04920114 -0.02124625 -0.07440181  0.13308509  0.0782616   0.08036742
  0.09778669 -0.01125584  0.16912211  0.0440441  -0.02391841 -0.03322856
  0.10643152  0.03331094 -0.13043611 -0.02629753  0.1046126   0.11981246
 -0.01590717  0.09126373 -0.15563058 -0.0662375   0.02827806  0.10101392
  0.04266412  0.12256799 -0.0763558   0.05562503  0.10880565  0.09433422]
Model: LOF_3
  Mean: [ 0.04340956  0.00537086  0.03704911 -0.05447495  0.11661373 -0.0324303
  0.03478544  0.05729994 -0.01081153  0.09306444 -0.04480297  0.04443668
  0.07844599  0.14240625  0.07689738 -0.11613036 -0.04059731 -0.01936913
  0.03945714  0.00518635  0.09585191 -0.08091487  0.02745658  0.067123
  0.14071999  0.07952721  0.02898459  0.02622538  0.07918439 -0.05624289
 -0.06932381  0.12467319 -0.04025595 -0.03571674  0.04033539  0.08602605
 -0.00384015  0.0731109   0.01902912  0.12734992  0.04696329  0.04738259
  0.03457154  0.01321488 -0.0772866   0.05065218  0.14414593  0.11087522
  0.04367599  0.06532783  0.03995563  0.07223913 -0.02801457  0.06753061
  0.0499995  -0.07485922  0.06156243  0.16466162  0.04311578 -0.12099008]
Model: LOF_4
  Mean: [ 0.016287    0.03520221 -0.0288696  -0.0963215   0.1162083   0.00617986
  0.02228486  0.11779471  0.13181547  0.03668586  0.14099717  0.04894735
  0.07295279 -0.0303014  -0.14667679 -0.04999967  0.04753545  0.04337044
  0.04421592 -0.00033938  0.03803797  0.10784494  0.15019483 -0.00316708
 -0.0316409   0.07655319 -0.02732272  0.01585692  0.0454082   0.0433405
  0.1277652   0.08091793  0.10918028  0.00081704  0.00204159  0.01415748
  0.01359242  0.05682707  0.0227454   0.05876245  0.09396654  0.20131976
  0.1368124   0.16819182  0.0283946   0.00542446 -0.06433075  0.01345955
 -0.03278824  0.03620232 -0.02868132  0.02733576  0.02063155  0.12077073
  0.1903747   0.00171849 -0.04580098  0.02940148  0.05276718  0.01792068]
Model: NN_1
  Mean: [-0.08770907  0.00387542  0.12249677  0.06029408  0.01728103  0.05995733
  0.09275416  0.13220643  0.13385326 -0.02203793  0.01035804 -0.01052338
 -0.02002006  0.0858624  -0.03432715  0.0622776   0.06059156  0.13684696
 -0.02431226  0.02104498 -0.02609962  0.0999648  -0.00750531 -0.04890017
  0.00494328  0.06013328  0.07066021  0.05445311  0.02264118 -0.002256
  0.06052882  0.00042129 -0.0172518   0.02580367  0.02497164  0.00753417
 -0.01271211  0.00822985  0.08866662  0.09287231  0.12428676  0.0638978
 -0.00527472 -0.05703428  0.00065152  0.03273478  0.00297244 -0.08239954
  0.05612841  0.00297683  0.11725123  0.05110546  0.02647743  0.03995998
 -0.02888367  0.0659521  -0.00814912  0.00131938  0.05114379  0.04905013]
Model: NN_2
  Mean: [ 0.14555945  0.04548954 -0.15210107 -0.00963293  0.0249346   0.03446859
  0.02805968  0.11183306  0.0643396   0.07576479 -0.05402735  0.20745374
  0.08653142  0.03292249 -0.03134245  0.09995455 -0.14225576 -0.010943
 -0.03661586  0.18473343  0.02539933  0.0257388   0.05422742 -0.0169216
 -0.00334704  0.0469694   0.12523661  0.18651832  0.05302747 -0.13503317
  0.05682338  0.04858071  0.06994747 -0.01219232  0.09109371  0.10472968
 -0.03910021  0.08354545  0.19159765 -0.00693212  0.05470244  0.0290958
  0.12369471  0.00532708  0.05995974  0.01740769  0.18911728 -0.01292969
  0.00920674  0.13844033 -0.01997732  0.01177486  0.11859505  0.07281488
 -0.02804937  0.06751533  0.20480783  0.19533816  0.09090509 -0.20466619]
Model: NN_3
  Mean: [ 0.02824939  0.01750674  0.07317684  0.02983522  0.0740448  -0.03920058
 -0.03035386  0.04943075  0.23495322  0.02102121 -0.03707127  0.04541027
  0.15497733 -0.1234225   0.08668382  0.10133017 -0.08945226 -0.12371606
 -0.01639918  0.0630128   0.12584335  0.03785921 -0.00039083  0.01245753
 -0.11704754  0.09349494  0.11306806  0.11773977  0.18912159 -0.03210751
  0.02136299  0.12845443 -0.04308493  0.03519031  0.01486049 -0.08725853
  0.07200114  0.02982422  0.10846947  0.02719463 -0.03167982  0.11719841
  0.06923351  0.07127695 -0.00389324  0.12161102  0.00565247 -0.05082125
  0.09644839  0.08662644  0.10950983  0.0584827  -0.05000502 -0.08356121
  0.04767609  0.07114582  0.13561287  0.18449153  0.06861086 -0.08176462]
Model: RNN_1
  Mean: [ 0.09569192  0.19583884  0.04518372  0.04640697  0.2668881   0.113037
 -0.0216125   0.14421908  0.12029623  0.12071054  0.16879798  0.04760192
  0.1012678   0.16429016 -0.04031612  0.02190418  0.13960301  0.01380498
  0.07351033  0.05009393  0.13265037  0.20070945  0.02250429 -0.04730174
  0.02450093 -0.12186024  0.18224445  0.05244461  0.0416371  -0.06551202
 -0.0336568   0.06520995  0.06019624  0.00243311 -0.02233772  0.02295942
  0.079472    0.38458393  0.00592482  0.10707707  0.06198312  0.11101935
  0.16834569 -0.02334786 -0.06237526  0.08732006  0.09312072  0.10228032
 -0.17948931 -0.07523836  0.06771557  0.16929969 -0.13303448 -0.07515805
  0.1173862   0.0294797   0.13936831  0.09334064  0.02234682 -0.00307848]
Model: RNN_2
  Mean: [ 0.07161732 -0.12640283  0.12084802  0.07710038  0.17872629  0.21726304
  0.05173231 -0.20147268  0.08394455  0.0122422  -0.11842915  0.20200428
  0.12863564 -0.01027203  0.01006039  0.12520022  0.00098935  0.07882096
  0.00106239 -0.02630082 -0.03762095 -0.04931333  0.17300427  0.08800516
  0.31729707  0.09713268 -0.04369281  0.17405685 -0.00851615  0.02861379
  0.01880782  0.02604272  0.16664053  0.04985223 -0.01422465  0.15227557
  0.10581986 -0.01060838  0.27983799 -0.01409093 -0.1254255  -0.11751538
  0.26568239  0.22993767  0.13194422  0.11614972  0.10281251 -0.0685546
  0.24536495 -0.03569001 -0.10626204  0.16085132  0.19492482  0.09772716
 -0.18213179  0.07516865  0.22709809  0.18717168  0.11311312  0.26792882]
Model: RNN_3
  Mean: [-0.06318611  0.16915895 -0.0420013   0.07859185 -0.09022783  0.21279903
  0.20345202  0.14151561  0.09738907  0.3131912   0.02253117  0.01003919
  0.1465949   0.07790491  0.0629424  -0.00072251  0.00234423  0.0595165
  0.178613   -0.13641296  0.11927985  0.04633033  0.00035547 -0.01609504
  0.15925013  0.25959738 -0.06839346  0.12360957  0.0541645   0.02330848
  0.03574059 -0.0482224   0.158275    0.07950314 -0.02732031  0.15241392
  0.26270539 -0.02348175  0.14454707  0.25784648  0.06536593  0.02868531
  0.03099443 -0.18142583  0.01193723 -0.11141647 -0.11298184  0.04004846
  0.11479078  0.06369768  0.25246271  0.10912728  0.16099413 -0.06325523
  0.14039524 -0.14498238 -0.11590059  0.12598269  0.1380368  -0.07756433]
Model: RNN_4
  Mean: [ 0.23400232  0.01729216 -0.07087033  0.22151446  0.11590855  0.14924731
  0.14479467 -0.08982473  0.24250714 -0.05534109 -0.04287874  0.25672124
  0.23334801  0.14954828  0.13835177  0.15234311  0.06334153 -0.1740538
 -0.05676519 -0.24976136  0.06250808  0.22118475  0.32574158  0.04874935
  0.14840832  0.05055766 -0.08093987  0.15536287 -0.07417471  0.19948977
 -0.00686996  0.07130552 -0.07172065  0.27041047  0.25044747 -0.13763566
  0.02483106  0.02015345  0.137692    0.06052739 -0.0636916  -0.09645654
 -0.28587618  0.19586697  0.08969029  0.09561479 -0.06614099  0.02362651
 -0.00230811  0.16316439  0.17067736  0.31744321  0.30897489  0.05636848
  0.04286232  0.13801051  0.23721468 -0.13204043  0.07062046  0.06517134]

Models ranked by mean score:
1. RNN_4 with score 1.4877402868711789
2. RNN_2 with score 1.1500264033889738
3. RNN_3 with score 0.9816708960947899
4. RNN_1 with score 0.7910146471007378
5. NN_2 with score 0.5799803604053989
6. LOF_2 with score 0.5435871811316921
7. LOF_1 with score 0.49103192285187613
8. NN_3 with score 0.4660611549869839
9. LOF_4 with score 0.3695060186067173
10. LOF_3 with score 0.32116289704079637
11. NN_1 with score 0.22124068531520572

 evaluation for models over the current test data:
[887, 906, 890, 897, 4118, 1673, 1673, 4118, 1673, 1673, 4118]
 f1_score list for models over the current test data:
{'RNN_4': 0.8722407099781344, 'RNN_2': 0.8694920333874896, 'RNN_3': 0.8725414186587928, 'RNN_1': 0.8694881724400246, 'NN_2': 0.6132993883305224, 'LOF_2': 0.7585999300088611, 'LOF_1': 0.7585999300088611, 'NN_3': 0.6132993883305224, 'LOF_4': 0.7585999300088611, 'LOF_3': 0.7585999300088611, 'NN_1': 0.6132993883305224}
 pr_score list for models over the current test data:
{'RNN_4': 0.8878569538247826, 'RNN_2': 0.890360448665553, 'RNN_3': 0.8895513246568446, 'RNN_1': 0.8959518043653057, 'NN_2': 0.4513948383466443, 'LOF_2': 0.7892235836659167, 'LOF_1': 0.7892235836659167, 'NN_3': 0.4505040263735328, 'LOF_4': 0.7892235836659167, 'LOF_3': 0.7892235836659167, 'NN_1': 0.4523843459863359}
 evaluation for models over the new test data:
[453, 522, 456, 494, 1609, 591, 591, 1609, 591, 591, 1609]
 f1_score list for models over the new test data:
{'RNN_4': 0.8144952951058135, 'RNN_2': 0.7923570690851222, 'RNN_3': 0.8176458125715351, 'RNN_1': 0.8030859923458051, 'NN_2': 0.6328480275293366, 'LOF_2': 0.7745575989705632, 'LOF_1': 0.7745575989705632, 'NN_3': 0.6328480275293366, 'LOF_4': 0.7745575989705632, 'LOF_3': 0.7745575989705632, 'NN_1': 0.6328480275293366}
 pr_score list for models over the new test data:
{'RNN_4': 0.8849234912912753, 'RNN_2': 0.8772184747757792, 'RNN_3': 0.8868030113165992, 'RNN_1': 0.8828208746413279, 'NN_2': 0.47085828533287255, 'LOF_2': 0.8679454575149784, 'LOF_1': 0.8679454575149784, 'NN_3': 0.47124927526825955, 'LOF_4': 0.8679454575149784, 'LOF_3': 0.8679454575149784, 'NN_1': 0.4712299859606467}