Summary of Linear Thompson Sampling:
Model: LOF_1
  Mean: [ 0.06915359  0.10141838  0.06994881  0.10153324  0.10827532  0.08396981
  0.04918219  0.06113565  0.03712879  0.01837594 -0.00358341  0.05880828
  0.05072476 -0.0152452   0.05306043  0.04917529  0.02471905  0.05847759
 -0.00274902  0.03826197  0.02780566  0.03019711  0.03374033  0.02734055
  0.03545206  0.02627489  0.0293405   0.0090057  -0.03611122  0.07413329
  0.0088484   0.02594213 -0.0099726   0.03031919  0.03710927  0.07997463
  0.03889839  0.02938107  0.15265075  0.05716398  0.04717393  0.02044972]
Model: LOF_2
  Mean: [[0.]
 [0.]
 [0.]
 [0.]
 [0.]
 [0.]
 [0.]
 [0.]
 [0.]
 [0.]
 [0.]
 [0.]
 [0.]
 [0.]
 [0.]
 [0.]
 [0.]
 [0.]
 [0.]
 [0.]
 [0.]
 [0.]
 [0.]
 [0.]
 [0.]
 [0.]
 [0.]
 [0.]
 [0.]
 [0.]
 [0.]
 [0.]
 [0.]
 [0.]
 [0.]
 [0.]
 [0.]
 [0.]
 [0.]
 [0.]
 [0.]
 [0.]]
Model: LOF_3
  Mean: [-0.0158136   0.03444906  0.02940919  0.0931348   0.10948958  0.09381775
  0.12854474  0.03406177  0.17196529  0.08572582  0.06033906  0.07625854
  0.04570113  0.00625824  0.06040815  0.00721297  0.03608395 -0.05638591
  0.05670378  0.02896568  0.04879738  0.02739816  0.12252013  0.03514609
  0.09909833  0.04432657  0.05008718 -0.05997852  0.02951201  0.05636753
  0.09522657  0.12092706  0.02709296  0.01007114  0.07527214  0.06059889
  0.04660175  0.00637801  0.03931213  0.09948823  0.01298361  0.00095423]
Model: LOF_4
  Mean: [ 0.01971252  0.19606628  0.04466962  0.07342207  0.14073705  0.08608963
  0.08801015 -0.02698129  0.05984222  0.02184315 -0.08929957  0.05024353
 -0.10863744  0.03592786  0.0139105   0.09068278  0.0590479   0.11954981
  0.09434846  0.04574149  0.05351087  0.05450369  0.06804267  0.05480334
 -0.0848492   0.17409497  0.05390075  0.06858026  0.11831777  0.02026863
  0.07762373  0.09408216  0.02959132  0.07383766  0.09232769  0.10466174
  0.05268486  0.25033004 -0.01442684  0.06449685  0.00461457 -0.04468975]

Models ranked by mean score:
1. LOF_4 with score 0.3322528769959949
2. LOF_3 with score 0.1991995884354545
3. LOF_1 with score 0.12832217363475898
4. LOF_2 with score 0.0
