Summary of Linear Thompson Sampling:
Model: LOF_1
  Mean: [[0.]
 [0.]
 [0.]
 [0.]
 [0.]
 [0.]
 [0.]
 [0.]
 [0.]
 [0.]
 [0.]
 [0.]
 [0.]
 [0.]
 [0.]
 [0.]
 [0.]
 [0.]
 [0.]
 [0.]
 [0.]
 [0.]
 [0.]
 [0.]
 [0.]
 [0.]
 [0.]
 [0.]
 [0.]
 [0.]
 [0.]
 [0.]
 [0.]
 [0.]
 [0.]
 [0.]
 [0.]
 [0.]
 [0.]
 [0.]
 [0.]
 [0.]]
Model: LOF_2
  Mean: [ 0.06915359  0.10141838  0.06994881  0.10153324  0.10827532  0.08396981
  0.04918219  0.06113565  0.03712879  0.01837594 -0.00358341  0.05880828
  0.05072476 -0.0152452   0.05306043  0.04917529  0.02471905  0.05847759
 -0.00274902  0.03826197  0.02780566  0.03019711  0.03374033  0.02734055
  0.03545206  0.02627489  0.0293405   0.0090057  -0.03611122  0.07413329
  0.0088484   0.02594213 -0.0099726   0.03031919  0.03710927  0.07997463
  0.03889839  0.02938107  0.15265075  0.05716398  0.04717393  0.02044972]
Model: LOF_3
  Mean: [[0.]
 [0.]
 [0.]
 [0.]
 [0.]
 [0.]
 [0.]
 [0.]
 [0.]
 [0.]
 [0.]
 [0.]
 [0.]
 [0.]
 [0.]
 [0.]
 [0.]
 [0.]
 [0.]
 [0.]
 [0.]
 [0.]
 [0.]
 [0.]
 [0.]
 [0.]
 [0.]
 [0.]
 [0.]
 [0.]
 [0.]
 [0.]
 [0.]
 [0.]
 [0.]
 [0.]
 [0.]
 [0.]
 [0.]
 [0.]
 [0.]
 [0.]]
Model: LOF_4
  Mean: [[0.]
 [0.]
 [0.]
 [0.]
 [0.]
 [0.]
 [0.]
 [0.]
 [0.]
 [0.]
 [0.]
 [0.]
 [0.]
 [0.]
 [0.]
 [0.]
 [0.]
 [0.]
 [0.]
 [0.]
 [0.]
 [0.]
 [0.]
 [0.]
 [0.]
 [0.]
 [0.]
 [0.]
 [0.]
 [0.]
 [0.]
 [0.]
 [0.]
 [0.]
 [0.]
 [0.]
 [0.]
 [0.]
 [0.]
 [0.]
 [0.]
 [0.]]
Model: NN_1
  Mean: [-0.01916909  0.01572139  0.01814302  0.02723739  0.04348493  0.01602837
  0.02232833  0.01534439  0.0209257   0.01676556  0.01482038  0.01889383
  0.00957544  0.01311136  0.00964296 -0.00586747  0.01418651  0.00720195
  0.01504789  0.00862561  0.01651055  0.02157889  0.04645331  0.02282151
  0.02224749  0.02012014  0.01718865 -0.00401461  0.00143889  0.01567297
  0.03108121  0.01544614  0.01626034  0.00810274  0.01470351  0.01288306
  0.00696227  0.01546785  0.01259459  0.04067684  0.0222374   0.01575261]
Model: NN_2
  Mean: [0.00774738 0.01508538 0.00946117 0.00466898 0.01281435 0.00853772
 0.0111176  0.00081423 0.01064704 0.00989115 0.00551905 0.00717788
 0.00587941 0.01136954 0.00862866 0.02524115 0.0152108  0.01828796
 0.00970292 0.01736767 0.00046977 0.00513658 0.01007151 0.0095296
 0.00556095 0.00917098 0.00524627 0.01065398 0.01132946 0.00308127
 0.01737666 0.01025756 0.01830477 0.00914893 0.01940463 0.01632475
 0.01414462 0.01471942 0.0078447  0.00754171 0.01878464 0.00943474]
Model: NN_3
  Mean: [ 0.00838487  0.02219863  0.01347792  0.00801589  0.01497127  0.01202322
  0.01116221 -0.00049257  0.01794246  0.02971742 -0.00049372  0.03132938
 -0.01243109  0.00582145  0.00446726  0.01043694  0.00604843 -0.01107353
  0.00962627  0.00625398  0.01026235  0.01007423  0.01047085 -0.0056751
 -0.01856377  0.03200071  0.01095821  0.01636055  0.01517766  0.00797223
  0.00022448  0.02129094  0.01492544  0.01299129  0.01301687  0.01458894
 -0.00117323  0.04979469  0.01702579  0.02096692  0.01838905 -0.00204144]
Model: RNN_1
  Mean: [ 0.02019428 -0.00236375  0.02346473  0.02084831  0.02128957  0.02729378
  0.01916094  0.03359314  0.0313333   0.05060148  0.05397916  0.02329371
  0.02850028  0.0438796   0.02862598  0.0308642   0.02736582  0.00792864
  0.01327308  0.02448309  0.01944713  0.02021072  0.02215666  0.0265566
  0.02905899  0.0143421   0.02453466  0.02755793  0.01910032  0.02601648
  0.01363881  0.01999523  0.03507859  0.01722976  0.01969923  0.01283575
  0.00868483  0.00315437  0.03140711  0.02304449  0.04384014  0.03050716]
Model: RNN_2
  Mean: [ 0.07272209 -0.00486613 -0.02283457  0.01126167 -0.00617701  0.01781035
  0.14551986  0.03557192  0.11330841  0.06166234  0.01462002  0.06425857
  0.00642063  0.03875829  0.05365047  0.10605258  0.0086828  -0.04949053
  0.1048747   0.0241936   0.02860323 -0.0101301   0.00832046 -0.00407554
 -0.01561308 -0.01516198  0.00892831  0.00072806  0.10603745  0.00721335
  0.01876831  0.121242    0.03395851  0.03731376  0.02428933  0.12314737
 -0.00496472  0.02840456  0.0474398   0.03112201 -0.01004886  0.0212694 ]
Model: RNN_3
  Mean: [[0.]
 [0.]
 [0.]
 [0.]
 [0.]
 [0.]
 [0.]
 [0.]
 [0.]
 [0.]
 [0.]
 [0.]
 [0.]
 [0.]
 [0.]
 [0.]
 [0.]
 [0.]
 [0.]
 [0.]
 [0.]
 [0.]
 [0.]
 [0.]
 [0.]
 [0.]
 [0.]
 [0.]
 [0.]
 [0.]
 [0.]
 [0.]
 [0.]
 [0.]
 [0.]
 [0.]
 [0.]
 [0.]
 [0.]
 [0.]
 [0.]
 [0.]]
Model: RNN_4
  Mean: [[0.]
 [0.]
 [0.]
 [0.]
 [0.]
 [0.]
 [0.]
 [0.]
 [0.]
 [0.]
 [0.]
 [0.]
 [0.]
 [0.]
 [0.]
 [0.]
 [0.]
 [0.]
 [0.]
 [0.]
 [0.]
 [0.]
 [0.]
 [0.]
 [0.]
 [0.]
 [0.]
 [0.]
 [0.]
 [0.]
 [0.]
 [0.]
 [0.]
 [0.]
 [0.]
 [0.]
 [0.]
 [0.]
 [0.]
 [0.]
 [0.]
 [0.]]

Models ranked by mean score:
1. RNN_2 with score 0.13033185632231564
2. LOF_2 with score 0.12832217363475898
3. RNN_1 with score 0.029745705304878967
4. NN_1 with score 0.01644455622699475
5. NN_3 with score 0.011276503112642612
6. NN_2 with score 0.005949209945270869
7. LOF_1 with score 0.0
8. LOF_3 with score 0.0
9. LOF_4 with score 0.0
10. RNN_3 with score 0.0
11. RNN_4 with score 0.0
