Summary of Linear Thompson Sampling:
Model: LOF_1
  Mean: [-0.00730801  0.02940911 -0.00111067 -0.00889815  0.00769755  0.00789621
  0.02652017  0.01714132  0.02935207  0.03730254  0.01152075 -0.01586992
  0.00673287  0.02244754  0.00423716  0.01611794  0.013242    0.02097372
  0.03220569  0.00800166  0.01663512  0.01247665  0.02092803 -0.01602838
 -0.00410971 -0.00760183  0.01237355  0.0277486   0.02968758  0.00708911
  0.00557801  0.04229638  0.00362468  0.00871168  0.03128193 -0.00452676
  0.01808316 -0.00047949  0.02006276  0.00327297  0.01394638  0.01281357
  0.01123148  0.00775624  0.03484538  0.00951551  0.00594043  0.0426357
  0.00579072  0.00525044  0.02560869  0.00112815  0.00571909 -0.00352753
 -0.00023903  0.01073519  0.00758105  0.01092839  0.01390716  0.01409174
  0.02093107  0.00816737  0.01385257 -0.00861793  0.0045934   0.01315276
  0.00440941  0.01398526  0.00217772  0.02291799  0.02263298 -0.00309694
  0.01131468  0.02560376  0.01936064 -0.0011233   0.00548081  0.02066524
  0.02079813  0.03641345  0.03992642  0.00530254  0.01462981  0.00362927
  0.0127009   0.00235326 -0.00010054 -0.00411784  0.01508221  0.01781888
  0.0072123   0.00337226  0.04786289 -0.00840787  0.04271664  0.02389123
  0.02701986  0.02016507  0.0182153   0.01362678  0.0325927   0.03062126
  0.01222985  0.00406291  0.04009991  0.0224495   0.02364874  0.01406856
  0.01996127 -0.01414211  0.0315172   0.01787593  0.00535268  0.01263997
  0.0050151   0.03142598 -0.01866222  0.02163225  0.01959234  0.00354158
  0.02043185]
Model: LOF_2
  Mean: [ 0.0160426   0.02411178  0.0115862   0.00658401  0.00500521  0.02982468
  0.02616257  0.01042859  0.02721416  0.02535517  0.0121916   0.00996165
  0.01279479  0.01733236  0.01186059  0.01004719  0.00069859 -0.01509214
 -0.0069001   0.00269281  0.00698241  0.00649348  0.01086747  0.00983076
 -0.00152269  0.00846521  0.01157868 -0.00819785  0.01466907  0.02534023
  0.01674206  0.03318937  0.02488772  0.0265353   0.02045838 -0.00909098
  0.02197619  0.00520568  0.01574568  0.01075478  0.01137789  0.0113849
  0.02042722  0.03198122  0.00944398  0.0150978   0.02531096 -0.00043455
  0.02333178  0.02455326  0.01795801  0.01767731  0.00128714  0.00909658
  0.0084476  -0.00056519  0.00048316  0.00617614 -0.00041349  0.01660702
  0.02044415  0.0031654   0.00300998 -0.02638061  0.02087326  0.01572355
  0.01343499  0.01333507  0.02225915  0.01559242  0.02220147  0.02726417
  0.02410491  0.01068108  0.01743539  0.00826964  0.02383481  0.01578269
  0.01166642  0.00726404  0.0192027   0.00967277  0.01430784  0.00573388
  0.00674427  0.00627971  0.00098623  0.00046595  0.01050037  0.02934356
  0.01721949  0.03115859  0.01583431  0.00522212  0.00906431 -0.00170182
 -0.00501551  0.0097623  -0.0024451  -0.01038258 -0.00336458 -0.00746788
 -0.00753338  0.02105987  0.02607578  0.00620531  0.01185603  0.03042112
  0.01600107  0.0062138   0.02230869  0.00517723  0.02232909 -0.01326992
  0.00259624  0.00354879  0.01953294  0.00749981  0.0122331   0.01837324
  0.00260685]
Model: LOF_3
  Mean: [ 0.01155475  0.00710665  0.01055678 -0.00015848  0.01015002  0.01557931
  0.00831668  0.02474763  0.00737664  0.02762176  0.02112733  0.00446727
 -0.00394551  0.01264571  0.02059736  0.01577776  0.00681294  0.0290082
  0.02467408  0.01694654  0.01740653 -0.00284604  0.02106997  0.01863807
  0.00655082  0.02355806  0.01645668  0.02056592  0.00145567  0.01564473
  0.01715981  0.0242653   0.01605245  0.00973174  0.01313564  0.00799944
  0.00918934  0.00904461  0.01147541  0.02417557  0.00077421  0.00755031
  0.01182713  0.01578615  0.00589859 -0.00038422  0.00981066  0.00060131
  0.00433754  0.01748203  0.01221485  0.01059981  0.00543335  0.02675126
  0.01212409  0.00490885  0.01356559  0.02219736  0.0099473  -0.00223771
  0.0092936   0.01526815  0.03442707  0.02731203  0.00940487  0.02133878
  0.0099222   0.02690723  0.01058347  0.0173672   0.01835334  0.02631774
  0.0160915   0.01546878  0.0168027   0.02556328 -0.00210981  0.02071821
  0.00787275  0.01207476  0.01636802  0.01216626  0.00638821  0.02123881
  0.00674141  0.00011764  0.01194474  0.01909554  0.01460254  0.01843816
 -0.00748088  0.00164059  0.02585552  0.02554038  0.01556861  0.00550829
  0.02140911  0.00696364  0.00401728  0.00754371 -0.00217961 -0.01169577
  0.01585077  0.01303381 -0.01958892  0.04554499  0.00670108  0.00771093
  0.0166244   0.02321515  0.00884404  0.02037448  0.00395916  0.0090667
  0.01457098  0.0185128   0.01462043  0.01856039  0.02115586  0.00614548
  0.01350375]
Model: LOF_4
  Mean: [ 0.0026623   0.00666277  0.00323315  0.0069787   0.01030826  0.01056573
  0.00551976  0.00707173  0.00842552  0.01674344  0.0081357  -0.00184629
  0.01108134  0.01258675  0.00844386  0.01108728  0.01033912  0.01507584
  0.01115809  0.00904644  0.01027453 -0.00098428  0.01147337  0.00111864
  0.01505203  0.01428153  0.0012327   0.0198658   0.00360947  0.01709496
  0.01454743  0.01591576  0.01551146 -0.00577002  0.02113532  0.00498373
  0.01148123  0.01118103  0.00982582  0.01471868  0.0085053   0.0094963
  0.00868119  0.00854326 -0.00337922  0.01027367  0.00233013  0.00327663
  0.01635496  0.00430509  0.01990799 -0.00740095  0.00682094  0.0113827
  0.00921561  0.01268673  0.00951952  0.0197113   0.00402447  0.01522771
 -0.00700774  0.01518501  0.00859256  0.0043851   0.0195971   0.01566599
  0.01472684  0.00496315 -0.00107151  0.00999274 -0.01314372  0.02023545
  0.02206883  0.01610762  0.01253352  0.0100871   0.01078489  0.01120638
  0.01649354  0.00113006  0.01669397  0.0206122   0.00542173  0.00224423
  0.01845805  0.00094128  0.00308382  0.00087217  0.01057431  0.00530649
  0.00596811  0.00307174  0.01512539  0.00552031  0.00638895  0.01428108
 -0.00131749 -0.00333144  0.01371711  0.02391947  0.01153104  0.00592155
  0.01263845 -0.00050983  0.01703334  0.00480353  0.01023681  0.01089292
 -0.00661495 -0.0033599   0.01462774  0.00592011  0.01996424  0.00939535
  0.01362809  0.02372201  0.01497275  0.02604158  0.00418186  0.01646673
  0.01524435]
Model: NN_1
  Mean: [ 4.47144316e-03  8.22949145e-03  7.56945330e-03  1.12418839e-03
  7.56968520e-03  8.97476896e-03  6.98138160e-03  6.75577517e-03
  1.23581062e-02  7.81790772e-04  1.56690420e-02  4.52209010e-03
  7.93204627e-03  5.61749163e-03  7.01944198e-03  1.55936281e-04
  6.18259149e-03  5.74366329e-03  5.60238411e-03  4.76042877e-03
  5.80914390e-03  7.15458706e-03  5.69675196e-03 -3.40149433e-03
 -1.93146112e-06  4.42789817e-03 -1.06998911e-03 -6.46333747e-06
  7.25263909e-03 -4.11756650e-04  1.77284929e-03  1.45405023e-03
  1.38487327e-03 -2.95048912e-04  4.38999162e-03  1.98337689e-04
 -2.03141572e-03  1.13909213e-03 -1.26224205e-05  1.21404218e-04
  1.13354562e-02  6.01319802e-03  7.36251514e-03  7.68693758e-03
  3.59813088e-04  8.47216898e-03  7.61772197e-03  3.24739013e-03
  7.23145820e-03  9.06001646e-03 -9.81698711e-04 -1.86060177e-03
  1.86427965e-04  1.31996854e-02  4.03924062e-03  1.29448415e-03
  4.33091935e-03  6.02012091e-03  5.78060782e-03  5.76975770e-03
  6.07159192e-03  5.58447638e-03  5.54141837e-03  3.15704957e-03
  4.10574780e-03  3.46826966e-03  7.71157279e-03  4.08275803e-03
 -1.81966056e-03  1.38283746e-03 -3.55970418e-04  1.19999146e-03
  1.12033718e-03  8.17269873e-03 -5.50542569e-03 -1.80446325e-04
  1.25528463e-02  1.47579643e-03  3.87290177e-03  2.38991929e-03
  1.14422237e-02  6.57480274e-03  7.85144127e-03  7.84624129e-03
  7.56880263e-03  7.90219051e-03  1.58003190e-02 -7.27841059e-03
  7.78264558e-03 -3.79677146e-03  1.18800206e-02  4.16914705e-03
  1.07906297e-02  7.00990469e-03 -3.90704246e-04  8.29652950e-03
  6.36973629e-03  5.83277701e-03  5.52423432e-03 -1.43154506e-03
  3.70799623e-03  6.25168412e-03  5.81511346e-03  5.90886309e-03
  5.77424211e-03  5.45790173e-03  1.29502215e-02  4.10264903e-03
  1.04419862e-03  2.97678038e-03  4.94289440e-03  3.90651561e-03
 -5.38736654e-03  8.99017402e-03  1.73007973e-03  1.86527824e-03
  1.95204158e-03  8.11236343e-03  1.64551942e-03  1.63032999e-03
  1.72168302e-03]
Model: NN_2
  Mean: [ 0.01773055  0.01638157 -0.0073128   0.02368032 -0.00118836 -0.00464436
  0.01246008 -0.00432397  0.01384439 -0.01239965 -0.00032622  0.03186589
  0.01816458  0.01569109  0.01612848 -0.0030625   0.00797564  0.02753674
  0.00234993  0.01225155  0.02465668  0.02077671  0.00987485 -0.0002424
  0.02109226  0.0199624   0.01618273 -0.00098871 -0.01044825  0.02621287
  0.03082732  0.01668773  0.0350786  -0.0089128   0.01105755 -0.00948055
  0.02639912 -0.00559218  0.00852177  0.0234271   0.01195015  0.01157667
  0.02470824  0.00483716 -0.00153326  0.0136744   0.01233411  0.0151267
 -0.00505637 -0.00076165  0.00697512  0.01171951  0.01110658 -0.0049542
  0.02450679  0.00779322  0.01986575  0.0002916   0.0083678   0.00982098
  0.00907231  0.02077679  0.02117477  0.00709973  0.00499868  0.03304474
  0.01047399  0.0146017  -0.00452751  0.02963128  0.00975037  0.00995592
  0.01346003  0.03450914  0.00261046  0.02546187  0.02800975  0.02072996
  0.01633526  0.02063143  0.01087177  0.00401997 -0.00016853  0.01218372
  0.02176929  0.00590525  0.01697366  0.00692215  0.00166434  0.01456741
  0.0036998   0.01722096 -0.00130671  0.00752673  0.00508154  0.0152188
  0.00896177  0.01514537 -0.00390766 -0.00484245  0.01908978  0.00284706
  0.01293139  0.00982752  0.01157792  0.02050332  0.00270711 -0.0036624
  0.00892984 -0.01522381 -0.00040976  0.01266082  0.0222506   0.01331372
  0.02230353  0.02420771  0.02143553  0.01865931  0.00071399  0.0230889
  0.01567613]
Model: NN_3
  Mean: [ 1.03855168e-02  4.23675910e-03  2.74193516e-02  2.22324372e-02
  3.52381200e-02 -4.46341337e-03  7.62329895e-03 -1.07149687e-02
 -8.32501345e-03  1.30899626e-02  2.43277311e-02  7.56418499e-03
  1.69565310e-02 -2.64436119e-04  3.91424323e-02  2.81616454e-02
  1.60496310e-02  2.01886271e-02  1.81873829e-02  1.86892590e-02
  2.80090664e-02  3.47380657e-02  9.30995245e-03  3.34358789e-02
  2.97248947e-02 -1.90752949e-03  1.18551086e-02  2.62876438e-02
  2.40386894e-02  2.39544508e-02 -2.74716777e-02 -1.65178115e-03
 -7.69347377e-03  1.63379919e-02 -7.41147411e-03 -1.04933364e-02
  6.58061517e-03  6.91436035e-03  1.86425459e-02  1.55259690e-02
  2.67758934e-02 -5.47443155e-03  2.42439132e-02  4.75267794e-03
 -6.13607515e-03  4.21755452e-02 -5.31265860e-03  1.88654055e-02
  1.91045750e-02  1.34082029e-02  1.68913372e-02  1.07905257e-02
  2.70720647e-02 -1.36657407e-03  6.36715985e-03  3.06694546e-02
  2.86929647e-02  2.54535145e-02  1.81553800e-02  9.20479927e-03
 -2.84221439e-04  3.98853352e-02  2.64023045e-02  2.94146500e-02
  2.44102385e-02  2.90682678e-03  2.37157607e-02  1.49645268e-02
  2.25918548e-02  2.42039817e-02  8.43637670e-03  3.90873612e-03
  5.30803336e-03 -8.49389734e-03  1.70541736e-02  7.03703484e-03
  1.33976889e-02  1.95218366e-02  9.26577001e-04  2.30143048e-02
  1.49532712e-02  7.45213772e-03  3.02235638e-02 -1.37454831e-02
  7.13593643e-03  2.17992381e-02  4.66840984e-02  2.19683226e-02
  3.35019026e-02  1.41161425e-02 -1.06655937e-02  1.32544501e-02
  3.13319503e-02 -7.64612500e-03  1.49849788e-02  1.07739675e-02
  3.01039733e-02  1.29610869e-02  2.39605310e-02  1.57231442e-02
  1.20004023e-02  1.84619342e-02  1.75506646e-02  1.13723921e-02
  1.48073738e-02 -3.79839567e-04  3.56532214e-02  1.24575022e-02
  1.83760779e-02  1.95847376e-02  5.19388763e-03  1.05009805e-02
  1.27121268e-02  3.18979516e-03 -5.74797073e-03  1.69370298e-05
  1.25027083e-02  1.64271924e-02  6.14459553e-03  1.18169893e-02
  2.29904327e-02]
Model: RNN_1
  Mean: [ 0.05371227  0.03610635  0.04815517  0.00550598 -0.00559723  0.03053024
  0.03022097  0.05022427  0.03141141  0.00624179  0.03940019  0.05640646
  0.08056916  0.04915004  0.01033039  0.04505842 -0.00197895  0.03723757
 -0.02826208 -0.00705161  0.01414459  0.00995693  0.01199464  0.04317314
  0.01937492  0.04982528  0.04475361  0.01767569 -0.01123736 -0.00021014
 -0.01115387  0.07477454  0.03926776 -0.00672204  0.02293584 -0.0027951
  0.04993085  0.0804679   0.01693186  0.02787609  0.01302906 -0.03421203
  0.06447531  0.02736676  0.02345668  0.0287278   0.02654501 -0.0065572
  0.00327759  0.00173123 -0.01499805  0.05334617  0.02359827  0.01704443
 -0.01067871  0.01672788  0.02484137  0.02644795  0.07603395 -0.00213037
  0.02611738  0.03495359 -0.00824831  0.06656968  0.04023377  0.0128162
  0.00781386 -0.01645545  0.00727571  0.02218536  0.04108222  0.02364408
  0.02997547  0.04814974 -0.01521566  0.02935555  0.0074753   0.02011937
  0.00933963  0.00791266  0.03024631 -0.03458695  0.0467209  -0.01210487
  0.03437999  0.03143098  0.02735469 -0.00499597  0.04445615 -0.0014643
 -0.00321674  0.06533694  0.01617769  0.0237784   0.01667308 -0.00093657
  0.03170201  0.00272634  0.00985902  0.02818843  0.06255949 -0.02003178
  0.03298788  0.0157972   0.00709356 -0.01743368 -0.00039059 -0.01976656
  0.01196421  0.02734759  0.03421134 -0.02163329 -0.0048819   0.04736155
  0.02861384  0.01737717  0.02711198  0.04114167  0.01534789  0.00571621
 -0.01861457]
Model: RNN_2
  Mean: [ 0.0260233   0.01912093  0.02295088  0.02204124  0.01633634  0.02634288
  0.01694838  0.01326177 -0.0035431   0.01674933  0.01950305  0.01696845
  0.0113551   0.01325125  0.01280777  0.00798313  0.00140694  0.00867136
  0.00953734  0.00953561  0.00748114  0.00251434 -0.00557866  0.00741127
  0.0273389   0.00517742  0.00929235  0.01451255  0.00369904  0.0173605
  0.01655429  0.00283054  0.0090087   0.00611725  0.00420479  0.01335638
  0.0225697   0.02074214  0.01428338  0.00660322 -0.01048061  0.01294074
  0.01449137  0.01988536  0.01104678  0.02672067  0.01054134  0.02321938
  0.01278952  0.01844541  0.02190057  0.01318952  0.00959376  0.0013858
  0.01332939  0.00346765  0.00627465  0.00887892 -0.00447476 -0.00713792
  0.00011789  0.01967114  0.01357303  0.01050558  0.01884541  0.01545925
  0.01036724  0.01173341  0.00814764  0.01885041  0.01948155  0.021393
  0.01641515  0.03505628  0.01322942  0.03026287 -0.01089759  0.0023535
  0.01090282  0.01948162  0.01424042  0.00270962  0.01054875  0.00645503
  0.01663361  0.00765801  0.01513094  0.00089416 -0.00640424  0.00111543
  0.01898551  0.01070417  0.01723423  0.02004224  0.00732904  0.00264217
  0.01525665  0.01755073  0.0172292   0.01826463  0.00568686  0.01197019
  0.0210724   0.00512609  0.01204106  0.01455258 -0.00108946  0.00166055
  0.00992171  0.01753741  0.02421755  0.01039271  0.00067557  0.01872764
  0.01804415  0.00353474  0.0130617   0.02381795  0.01391598 -0.00034319
 -0.00189025]
Model: RNN_3
  Mean: [ 0.00898524  0.00998085  0.00616042  0.00232644  0.00734955  0.00351744
  0.014336    0.01169875 -0.00067311  0.00570028  0.01325936  0.00723041
  0.01624867  0.00999875 -0.00059075 -0.00049433  0.0128177   0.00259792
  0.00991078  0.00914061  0.00243645  0.01692405 -0.00023974  0.01235986
  0.01329382  0.00816129  0.00373484  0.00228812  0.00457011  0.00747755
  0.01092609  0.00956003  0.00631025  0.00313824  0.00961674  0.01337666
  0.00648487  0.00717415  0.00586603  0.00596933  0.01384756 -0.00103012
  0.01088643  0.00273464  0.0030448   0.00149803  0.00253499  0.00965867
  0.00742687  0.00637192  0.00699326  0.01457307  0.01436397  0.00912311
  0.0100494   0.00478032  0.0068674   0.01125177  0.0085682   0.0152343
  0.00665224  0.01300328  0.00454179  0.00773562  0.01149925  0.01310494
  0.00611005  0.00622917  0.00014115  0.01074774  0.01689359  0.01507115
  0.00509889  0.00970948  0.00986072  0.00611814  0.00698745 -0.00582141
  0.01055839  0.0083162   0.00251612  0.0107692   0.01069472  0.01352355
  0.01306826  0.010961    0.00656736  0.00932392  0.00692088  0.01819216
  0.00062415  0.00750517  0.00609225  0.01536522  0.00704977  0.01008184
  0.00660502  0.01401323  0.01210866  0.00881084  0.01174202  0.01288259
  0.00176474  0.0128941   0.0169752   0.01059995  0.01129544  0.01103461
  0.01644859  0.02270878  0.00238065  0.00870167  0.00962847  0.01679846
  0.00938322  0.01166963  0.00470774  0.00492314  0.00849083  0.02638882
  0.00196675]
Model: RNN_4
  Mean: [ 0.02541513 -0.00522045  0.01743904  0.01038094  0.00393507  0.01446631
  0.01216872  0.02927738  0.02475134  0.01436638  0.03807119  0.0134866
  0.01347572  0.02715629 -0.0046342   0.01558206  0.01256133  0.01547855
  0.00875507  0.00952744  0.0162642  -0.00709756  0.03064448  0.02426727
  0.00234769  0.00406466 -0.00687637  0.01618462  0.01498698  0.02982401
  0.01194209  0.02599349  0.0350199   0.00150596  0.02465552  0.00720755
  0.00695335  0.02326002  0.00256324  0.01127847  0.02551764  0.01648772
  0.01307485  0.02460084  0.0279817   0.00453145  0.02178083  0.02617908
  0.04861777  0.01357564  0.00301515  0.02795624  0.00946843  0.00869163
  0.01258076  0.00621616 -0.01607844  0.02437637  0.01200683  0.01073608
 -0.00109553  0.00989922 -0.00091283  0.01727112  0.0132534   0.01136644
  0.01723065  0.0249832   0.02373679  0.03046879  0.0263273   0.02294299
  0.01885736  0.0444857  -0.00492717  0.02232801  0.0250195   0.02497066
  0.01816959  0.00492515  0.00662714  0.02836521  0.02710428  0.01920639
  0.00643466  0.00679686  0.01083282  0.02084703  0.0290014  -0.0085361
  0.02257091  0.03111781  0.02478785  0.01005273  0.02331284  0.0076315
  0.02349426  0.00450397  0.02163665  0.00698096  0.01294182  0.03094335
  0.00870176  0.00935753  0.01246055  0.02439837  0.00222265  0.03594721
  0.00767641  0.00483769  0.00175299  0.00739128  0.02536454  0.02303064
  0.02015106  0.02590651  0.01691881  0.02818935  0.02201906  0.02702332
  0.02304296]
choses models for each round['RNN_1', 'LOF_4', 'NN_3', 'RNN_2', 'NN_1', 'NN_3', 'RNN_1', 'LOF_4', 'LOF_3', 'RNN_3', 'NN_2', 'NN_2', 'RNN_1', 'LOF_2', 'LOF_1', 'RNN_1', 'RNN_1', 'LOF_4', 'LOF_2', 'RNN_2', 'RNN_1', 'LOF_4', 'RNN_4', 'LOF_2', 'RNN_4', 'RNN_1', 'LOF_1', 'LOF_2', 'LOF_2', 'NN_3', 'RNN_2', 'RNN_1', 'RNN_1', 'NN_3', 'NN_3', 'RNN_1', 'NN_3', 'NN_2', 'RNN_3', 'LOF_3', 'RNN_4', 'NN_2', 'LOF_1', 'NN_3', 'LOF_3', 'LOF_2', 'RNN_4', 'LOF_1', 'NN_2', 'LOF_1', 'RNN_4', 'LOF_1', 'LOF_1', 'LOF_3', 'LOF_3', 'RNN_1', 'LOF_3', 'NN_3', 'LOF_1']

Models ranked by mean score:
1. RNN_1 with score 0.12349236882675128
2. RNN_4 with score 0.04644737903491751
3. NN_3 with score 0.045233520660319035
4. LOF_1 with score 0.043591999663364064
5. LOF_3 with score 0.030789812764428857
6. LOF_2 with score 0.030413880799889596
7. NN_2 with score 0.02960445711108281
8. RNN_2 with score 0.02564935175276526
9. LOF_4 with score 0.017154972248407813
10. RNN_3 with score 0.012164339585099474
11. NN_1 with score 0.0045800091724356486

 evaluation for models over the current test data:
[852, 912, 1972, 1196, 1196, 1196, 1972, 773, 1196, 830, 1972]
 f1_score list for models over the current test data:
{'RNN_1': 0.7338601196675235, 'RNN_4': 0.7300644037861078, 'NN_3': 0.6277714492515167, 'LOF_1': 0.6756188783542285, 'LOF_3': 0.6756188783542285, 'LOF_2': 0.6756188783542285, 'NN_2': 0.6277714492515167, 'RNN_2': 0.7446630551429089, 'LOF_4': 0.6756188783542285, 'RNN_3': 0.7365251986011873, 'NN_1': 0.6277714492515167}
 pr_score list for models over the current test data:
{'RNN_1': 0.819840193390526, 'RNN_4': 0.82434721216999, 'NN_3': 0.45010170028673513, 'LOF_1': 0.783624116398388, 'LOF_3': 0.783624116398388, 'LOF_2': 0.783624116398388, 'NN_2': 0.45017303405043485, 'RNN_2': 0.8263163638410648, 'LOF_4': 0.783624116398388, 'RNN_3': 0.8205114017761498, 'NN_1': 0.4486117195597612}
 evaluation for models over the new test data:
[]
 f1_score list for models over the new test data:
{}
 pr_score list for models over the new test data:
{}