Summary of Linear Thompson Sampling:
Model: CBLOF_1
  Mean: [-0.00061451  0.00423825  0.00294994 -0.00350859  0.01622433  0.01916205
  0.01305262  0.02262163  0.00782732  0.01262012  0.01018167  0.01823048
  0.02491913  0.02947452  0.0147692   0.0157377   0.00773349  0.01816389
  0.01906272  0.01802555  0.00687361  0.02151449  0.00708382  0.00961021
  0.00540794  0.01168896  0.01013197  0.00973469  0.00631043  0.02001325
  0.01164041  0.0134658   0.00848311  0.01089472  0.00739299  0.00657138
  0.00075914  0.01111378  0.00101364  0.00366917  0.00392255  0.01674133
  0.00272588  0.01070241  0.00993571 -0.00329035  0.00466485  0.00790907
  0.01449337  0.01726616  0.00960015  0.01714538  0.00142345  0.03081892
  0.01509723  0.0152079   0.01638699  0.00902008  0.01230615 -0.00391996
  0.01869907  0.01285591  0.00465528  0.01268856  0.01348859  0.01086528
  0.01702728  0.02683581  0.01400515  0.00658746  0.00868598  0.01800199]
Model: CBLOF_2
  Mean: [ 0.02011457  0.02005956  0.02663587 -0.00256149 -0.00745542  0.05107622
  0.00905976  0.0191916   0.00953822  0.00622717  0.0128332   0.02184932
  0.00421664  0.0057483   0.00978522 -0.01132449  0.00463102  0.01613963
  0.02344401  0.02627067  0.0230207   0.02970899  0.01466666  0.01505239
  0.0115842   0.02891752  0.03376849  0.01548821  0.01704615  0.04012421
  0.03693764  0.01991929 -0.00641322  0.01528252 -0.00951697  0.01631611
  0.01604559  0.00689708  0.05158964  0.0056842   0.00046415  0.00178651
  0.01839591  0.01066242  0.01419575  0.02582219  0.00758022 -0.00212663
  0.00033677 -0.00872173  0.00070484 -0.00422162  0.00102849  0.00670345
 -0.00847035 -0.01159847 -0.00150804  0.00210767  0.0080332   0.00760979
  0.00937003  0.03105313  0.03759071  0.00178114  0.01244936  0.01489628
  0.00504272  0.01984439  0.02830963  0.01566343  0.02132943  0.02399   ]
Model: CBLOF_3
  Mean: [ 1.17529304e-02  2.14825819e-02  2.26048583e-02  7.82633215e-03
  5.40524863e-03  1.79117458e-02  2.41531687e-02  1.95411158e-02
  1.02699849e-02  1.34630466e-02  7.59792950e-03  1.10505964e-02
  1.67229328e-02  1.67808438e-02  2.14868349e-02  2.01193537e-02
 -7.56664287e-03  3.36147843e-02  2.20797269e-02  1.06727621e-02
  9.12456624e-03  1.59089609e-02  1.03890399e-02 -8.43273595e-03
  1.78937291e-02  2.07603123e-02  1.66099033e-02  1.17697271e-02
  6.40422807e-03  1.84081596e-02  9.10693968e-03  3.49363497e-02
  1.99432812e-02  3.00682714e-03  2.93649588e-02  2.64590744e-02
  1.20719121e-02  2.02473047e-02  1.72739631e-02  7.75163900e-03
  3.55894317e-03  6.86585831e-03  1.66923485e-02  1.33311913e-02
  1.58286154e-03  2.43395698e-02  1.27408408e-02  8.12594334e-03
 -3.74878978e-03  4.86194248e-03  1.12477311e-02  1.30436400e-02
 -9.95938757e-04  7.07090317e-03  7.54781507e-03  1.79372409e-02
  1.90902415e-02  1.49467066e-02  2.28592083e-02  8.14170029e-03
 -9.44034009e-04  6.56719107e-03  3.46337999e-02  1.51470670e-02
 -4.48800497e-03  2.86112223e-02  1.63807702e-02  9.36541060e-05
  1.75791441e-02  2.04182084e-02  3.96438482e-03  1.56669813e-02]
Model: CBLOF_4
  Mean: [ 0.02670438  0.02491837  0.01920395 -0.00089061 -0.0053625   0.00065153
 -0.00145181  0.02681633 -0.00365872  0.00339794  0.01227448  0.00869154
 -0.00504779 -0.00920732  0.01838389  0.02225793 -0.00482801  0.00954475
  0.01287781  0.00642061  0.01603949  0.005403    0.0188023  -0.02527264
  0.01036139  0.00691082  0.007768    0.02960831  0.02000854  0.03135733
  0.00726734  0.02039194  0.01839441  0.00162955  0.00593689  0.01046663
  0.0373296   0.0429179   0.00406159  0.05444556  0.01139762 -0.01002597
  0.02141051  0.02331049  0.01631485 -0.0015807   0.0196846   0.00728027
 -0.00735918  0.0133375   0.01258257  0.01631065  0.01755082  0.00820285
  0.03221514  0.00954121  0.0135693   0.00412997  0.01770791 -0.0137883
  0.00462953  0.01945804  0.02800533  0.02226304  0.00247419  0.0024518
  0.00602582  0.02757122 -0.01863003 -0.00049703  0.01054569  0.00635022]
Model: DGHL_1
  Mean: [ 0.00997386  0.00237308  0.0157808   0.02405836  0.04558569  0.01814538
  0.05085696  0.02409286  0.02549534  0.02944824  0.02600477  0.01388857
  0.02427548 -0.01714392  0.04345167  0.02309889  0.04222477  0.00760831
  0.02768222  0.00329224  0.04337617  0.01957813  0.03564792  0.01390888
  0.01988192  0.02382163  0.02482324  0.04514316  0.04231282  0.00619761
 -0.03545977  0.02164056  0.00302831  0.0245943   0.00347251  0.00061765
  0.00854201 -0.00700929  0.00272159  0.03830427 -0.02613566  0.03912781
  0.04701949  0.02791077  0.037539    0.02463118  0.03284006  0.02311338
  0.0284599  -0.02538107  0.02228615  0.01915204 -0.0139987   0.01442532
  0.02693825  0.04392004  0.04418076  0.03412782  0.02638066  0.00603578
  0.05013099 -0.00287503  0.02094043  0.03539551  0.04096995  0.02859309
  0.03364277  0.02398761  0.01846344  0.00286764  0.00424915  0.0410398 ]
Model: DGHL_2
  Mean: [ 0.0185641   0.02277574  0.01503502  0.0078223   0.01682202  0.0147458
 -0.01254112  0.01226605  0.01710486  0.01945974  0.02361613  0.02972961
  0.01128958  0.0215317   0.00820985  0.01468694  0.02177525  0.00192875
  0.02345647  0.01933842  0.02832756  0.0181339  -0.00596175  0.02134693
  0.02192684  0.00870444  0.00351913 -0.00240837  0.0068273   0.01168479
  0.00849523  0.02348587  0.00362319  0.02601314  0.00591491  0.01759114
  0.01696901  0.01585305 -0.01234428  0.0057376   0.02483329  0.01396772
  0.00158849  0.00958001  0.0161452   0.00718463 -0.01918262  0.00750191
  0.02694667  0.01810959  0.01961786  0.00920474  0.01689108  0.01083099
  0.02634699  0.02689882  0.03817893  0.0284422   0.02854357  0.0236804
  0.02356121  0.01807117  0.0154799  -0.00449283  0.02095872  0.02167668
  0.01184398  0.00484495  0.01946351  0.00946319 -0.00325716 -0.00513979]
Model: DGHL_3
  Mean: [ 0.0704726   0.07326276  0.02404313  0.06073352  0.03493083  0.04387776
  0.01262911  0.00029613  0.02280316 -0.01309196  0.01518725  0.01681424
  0.00967667  0.0460426   0.00172886  0.03576382  0.02547731  0.06189381
  0.01012529  0.04939546 -0.0020818   0.01824358  0.01400571 -0.02657873
  0.03934466  0.05134461 -0.04848268 -0.02006989  0.04050704  0.0113309
  0.02973108  0.04938084  0.01590771  0.04910091  0.11317916  0.06326056
  0.02534579  0.0685922   0.0652454  -0.03213875  0.03128977  0.06926313
  0.01508591  0.05002739 -0.00972335  0.00828744 -0.03098497  0.05862447
  0.02514788  0.03819338  0.04115913  0.05698604 -0.0149033   0.05060591
  0.10101916  0.03264214 -0.0243223   0.07363082  0.04665969 -0.02043298
 -0.00472031  0.02450915  0.0776098   0.01472641  0.06054549  0.08283178
  0.02641617  0.04044943  0.00717599  0.00680638  0.05717289  0.00978551]
Model: DGHL_4
  Mean: [-0.00921236  0.00392866  0.00527868 -0.00882576 -0.00269818  0.0102744
  0.00300803  0.0097883   0.00735263 -0.00650148 -0.00763668  0.00087898
  0.00789674  0.02046117  0.00487007  0.00951604  0.01983363  0.02040095
  0.02237926  0.02767738  0.022551    0.00406297  0.01588276  0.02666836
  0.0344489   0.01974534  0.01849776  0.00596652  0.03172388  0.01882233
  0.03130301  0.00760046  0.02210126  0.00936498  0.00840264  0.01270743
  0.02107935  0.02425505  0.01945022  0.00962984  0.0103724   0.02548761
  0.0079924   0.00361448  0.00420532 -0.00497284 -0.00059995  0.01138515
 -0.01300441 -0.00459913  0.00368537  0.00922016  0.00027788 -0.0085782
  0.01007199  0.01503665  0.0160933  -0.0031971   0.01376325  0.01891773
  0.0135564   0.01823104  0.01379262  0.01680761  0.01523187  0.03369715
  0.02821363  0.01454702  0.00527914  0.00887107  0.01330311  0.01747179]
Model: LOF_1
  Mean: [ 0.03870809  0.02180092  0.04622976  0.06350158  0.01408168  0.01899006
  0.0486543   0.03270068  0.05213565  0.01561932  0.01469128  0.01852574
  0.01193501  0.02143786  0.01201134  0.03550257  0.01272717  0.01340414
  0.01417331 -0.00155389  0.03927505  0.03305636  0.00541029  0.01023773
  0.0239614   0.01299654  0.01230493  0.02140732  0.03322251  0.00864076
  0.03782193  0.01301947  0.04600442  0.04638946  0.0754233   0.02233686
  0.04463684  0.04019419  0.05777782  0.05218622  0.06258235 -0.0153305
  0.0632281   0.04711072  0.03965955 -0.01567977  0.02012612  0.02693556
  0.02082773  0.02270681  0.02281962  0.03359149  0.06101249  0.02360542
  0.04478965  0.03081599  0.01613658  0.02399966  0.01574548  0.01623076
 -0.0071436   0.02066057  0.00300242  0.00302142  0.01634868  0.02784101
  0.01528256 -0.01481346  0.02548435  0.0197762   0.02862295  0.02380884]
Model: LOF_2
  Mean: [ 0.00518524  0.01887176  0.0182278   0.01674446  0.02055906  0.0173453
  0.02215901  0.02511833 -0.00196927  0.00845947  0.03212078  0.02277612
 -0.01691959  0.01610627  0.02333435  0.01953357  0.02714699  0.01673846
  0.02801278  0.02334292  0.00534257  0.01033234  0.01415835  0.00442559
 -0.01888855  0.03212902  0.01077308  0.03603106  0.02174779  0.01715032
  0.01971612  0.02949536 -0.00040452  0.0280159   0.03674634  0.01262334
  0.00096366  0.01766196  0.0153279   0.01919152  0.01853302  0.01792289
  0.02628072  0.01132182  0.00880323  0.00057394  0.00637171 -0.01588801
  0.03263738  0.00720894  0.0262073   0.01478176  0.01501266  0.02318683
  0.02462458  0.01389157  0.03562555  0.02058001  0.04205218  0.01919486
  0.0265422   0.00447055  0.02256884  0.02587513  0.01828342  0.01319967
  0.00190633  0.01974372  0.00145511  0.01920689  0.0117564   0.016712  ]
Model: LOF_3
  Mean: [ 0.04077791  0.0462725   0.04211763  0.02533193  0.03006102  0.02224687
  0.03706146  0.02775076  0.01674369  0.03257684  0.02569841  0.04007614
  0.02566684  0.01232873 -0.00339966  0.0361593   0.00867321  0.01657077
 -0.01907339  0.01425288  0.040559    0.03029332  0.01568919  0.02534342
  0.00470846 -0.02078074  0.06941527  0.00512982  0.00659381  0.01448911
  0.04757003  0.02248717  0.01410563  0.04787364  0.02868418  0.01595508
  0.00299409  0.02409307 -0.00319527  0.01781032  0.04196482  0.03695222
  0.05254355  0.04024997  0.03689886  0.04869793  0.03121285  0.02942463
 -0.00900858  0.03778457  0.03427533  0.00184305  0.01728245 -0.02294151
  0.03498914  0.01367822  0.02385305  0.02143445  0.01897046  0.04218281
 -0.02247236  0.01747728  0.02110861 -0.00733241  0.04528427  0.0388432
  0.02793659  0.01100309  0.03588224  0.00795948  0.02883147  0.0037958 ]
Model: LOF_4
  Mean: [ 0.03262878  0.01882653 -0.01292464  0.01492038  0.03679825  0.01882416
 -0.01091537  0.01619     0.00525703 -0.0164526  -0.00882699  0.0161803
  0.03709031  0.0261785   0.02024906  0.01666792  0.01772378  0.01242129
  0.03873889  0.01286473  0.02492949  0.02546429  0.02029172  0.028638
  0.01365476  0.01503417  0.01153956  0.0161483   0.01173739  0.02317653
 -0.00045629  0.01207883  0.01170003  0.0038783  -0.0037096   0.01315503
  0.02605542  0.01220375  0.01296495  0.02070165  0.01991369  0.0137827
  0.00652393 -0.00651392  0.02093572  0.01263653 -0.00896403  0.017678
  0.02834277  0.00492425 -0.00092571  0.01469225  0.01358334  0.02241775
  0.02363903  0.00654386  0.00391055  0.02172809 -0.01542782  0.02208477
  0.03452923  0.0154871   0.01419008  0.01514055  0.02118279  0.01406934
  0.0080007   0.02426667 -0.00286142  0.01311904  0.00602494  0.00741449]
Model: LSTMVAE_1
  Mean: [ 0.00419842 -0.02397133  0.10690941  0.02582202  0.02189945  0.05253224
  0.07797628 -0.0413692   0.03319277  0.07293122  0.04174051  0.02718257
 -0.01797997  0.07183149  0.02226777 -0.00085117 -0.00232315  0.05700246
 -0.00855163  0.06518487  0.05175787  0.06815404  0.06164792  0.0615368
 -0.01100256  0.08385284  0.06502414  0.07024174  0.05632079  0.02468153
  0.07191576  0.03625284  0.01590954  0.00518592  0.02460256  0.04397766
 -0.0192274   0.01279472  0.01591431  0.02816351  0.03941734  0.03479833
  0.02741476  0.01827971  0.00521244  0.00216898  0.04791329  0.05868374
  0.00085253  0.05180705  0.04166973  0.02420898  0.06835491  0.08186642
  0.03947766  0.02633428  0.0084646  -0.01531134  0.02057754  0.03805795
 -0.07098839  0.05121381 -0.00129748  0.01837833  0.03632033  0.06295026
  0.06723308  0.02425526  0.0070246   0.06724177  0.06729007  0.0548377 ]
Model: LSTMVAE_2
  Mean: [ 0.05469732  0.06672179  0.02335962 -0.07067357 -0.01391557 -0.00570201
  0.01744121 -0.01453888 -0.06515639 -0.01606027 -0.07667849 -0.05150388
  0.01446582  0.03227874 -0.01489095  0.0509565   0.02813774  0.0902784
  0.09079922  0.07262444  0.00497961  0.04208351  0.03901932  0.07865762
 -0.0122872   0.25432192  0.0540204   0.09575727  0.03445711  0.01514253
  0.14872781  0.06271674  0.10166492  0.17996023  0.19185523  0.05777199
  0.03933027  0.05493383  0.04541728  0.02305045  0.04176086  0.07943537
  0.04108323 -0.05468175  0.02086618  0.03938203 -0.01463532  0.10483906
  0.04258395  0.09925998  0.01359403  0.07163036 -0.05027     0.01145305
  0.01844148  0.03905643  0.0784048   0.05575557 -0.03800632  0.04253855
  0.09234011  0.16566951  0.07982134 -0.03637831  0.07310381  0.13961233
  0.00943571  0.02561826  0.06331867  0.06846353 -0.02241372  0.04179144]
Model: LSTMVAE_3
  Mean: [ 0.00827723  0.00383799 -0.06434654  0.05766008 -0.00450621  0.04463838
  0.0342077   0.03505857  0.01197454 -0.00218301  0.02077015  0.04655332
  0.0338084   0.05139279 -0.03492435  0.04385853  0.03874436  0.0114654
  0.05679364  0.01834897  0.02016908  0.02372835  0.013865    0.03344957
  0.04225374  0.0892497   0.05017189  0.02440895  0.10109629  0.03426241
  0.04540543  0.05116735  0.04246682  0.0354895   0.02749892  0.06101873
  0.02913201  0.05357047  0.02264982  0.03908817  0.03428121  0.08522321
  0.06883164  0.01535796  0.05201351  0.03505088  0.00216549  0.02163073
  0.03326199  0.01537441  0.06287237  0.06796434  0.01788245  0.06811803
 -0.00884069 -0.00411784  0.01268206  0.02531178  0.04156021  0.03047033
  0.02617158  0.0699946   0.03610371 -0.01652529 -0.02051895  0.03311936
  0.07415812 -0.0080881   0.04584876  0.08320052  0.08563265  0.11115531]
Model: LSTMVAE_4
  Mean: [-0.01401268 -0.02175767  0.07370996  0.01132326  0.00345427  0.03244322
  0.03926566  0.02735885 -0.01957457 -0.08728888  0.03864873 -0.03084513
  0.02306103  0.00180378  0.1170493   0.11558371 -0.0185187   0.10037409
  0.02609479  0.08125647  0.08612393  0.0705461  -0.02100611  0.04104691
 -0.0445413   0.10941952  0.08496774  0.04301819  0.11624455  0.17341093
  0.02715     0.02432667  0.12912623  0.00269934  0.06403535  0.01791327
  0.0106469  -0.0013319   0.06650722  0.06405327  0.03952537  0.06310621
  0.01871715  0.02183046  0.0928102  -0.05583429  0.09375649  0.0765944
  0.005679    0.06598499  0.01226983  0.02383981  0.01972689  0.07570003
  0.09242265  0.11068108  0.05269757  0.115104    0.04769327 -0.02461429
 -0.01537146  0.18937265  0.07575643  0.060219    0.02789052  0.11582549
 -0.06626372  0.04699716  0.11163937  0.00920244  0.05765098  0.09791806]
Model: MD_1
  Mean: [ 0.03214013  0.02341407  0.02982122  0.00304694  0.03319824  0.02642139
  0.047221    0.01581221  0.00939965  0.03003126  0.01919665  0.01616723
  0.00315641  0.01023465  0.01706862  0.00519888  0.00972909  0.02257201
  0.00880738 -0.00083201  0.03031132  0.02751808  0.02922871  0.02964697
  0.00548707  0.01666306  0.05614229  0.01985272 -0.01943378  0.03180226
  0.03856002  0.01464874  0.03237793  0.04404422  0.01315963  0.04643237
  0.03815602  0.02592817  0.03458256  0.04877342  0.01345568  0.03365863
  0.04058484  0.02784912  0.03845408  0.03550959  0.01296317  0.03432783
  0.02583927  0.0561096   0.01585968  0.02176431  0.01669822  0.02154593
  0.00285721  0.0007134   0.05001549  0.04243836  0.0174503   0.03053578
  0.03273996  0.00599934  0.01379427  0.00620156  0.03440714  0.02069194
  0.04049288  0.0179817   0.01993842  0.03087423  0.0413365   0.01228663]
Model: RM_1
  Mean: [ 0.05464683  0.04611643  0.04420377  0.02814615  0.01879191  0.04743344
  0.01909158  0.01191597  0.08989953  0.02529856  0.03893946  0.03904689
 -0.00261342  0.0473608   0.01800929 -0.05261384 -0.00979904  0.01633678
  0.02156333 -0.00676829  0.06544213  0.03215917  0.05198175  0.0272078
  0.01659259 -0.02693393 -0.01276613 -0.03415604  0.01874253  0.04403558
  0.00202147 -0.00602242 -0.00761433 -0.00296058  0.0173788   0.02676748
  0.04087888  0.04128219  0.05702834  0.00983683  0.03843248  0.05041157
  0.01492673  0.04451669  0.05980206  0.02940282  0.06131243  0.04456269
  0.02897101  0.04535601  0.0153808   0.04852828  0.01021303  0.04296368
  0.04270945  0.03883874  0.03129358  0.03717128 -0.00243357  0.04131836
 -0.0005391   0.01284551 -0.01524951  0.00399009 -0.0199521   0.0426037
  0.06356028  0.00175572 -0.00278795  0.0220848   0.02689832  0.02065986]
Model: RM_2
  Mean: [ 0.00837118 -0.00072832  0.06066626  0.00617108  0.0230672  -0.00091116
  0.02931808  0.04478129  0.02346553  0.0025624   0.02606186  0.02356218
  0.03258049  0.02427851  0.02688412  0.03715038  0.01772059 -0.0208776
  0.04038364  0.0189069   0.02019538  0.01590187  0.01651919  0.0225943
 -0.00456935  0.02829892  0.01331012 -0.00408271  0.03980686  0.0207521
  0.01782443  0.01366162  0.01562983  0.00997038  0.01948851  0.01850674
  0.03212897  0.04147958  0.03680576  0.01604278  0.01416834  0.0155468
  0.00294994  0.04597811 -0.00501362  0.01916824  0.03822785  0.02404823
  0.02812521  0.04585151  0.01360036  0.03640498  0.00368726  0.0208279
 -0.01566898  0.03960921  0.02297961  0.0187752   0.01741383  0.02653672
  0.01615799  0.01375752  0.00796907  0.03061343  0.00750541  0.00850649
  0.00310391  0.00806836  0.02304476  0.02888166  0.03086662  0.02443355]
Model: RM_3
  Mean: [ 0.01152511 -0.01210405  0.02073687  0.0257157  -0.00205411  0.00765541
  0.0127819   0.01944739  0.01960786  0.00572144  0.01561208  0.00142303
  0.01775595  0.02139912  0.00582303  0.02705898  0.00333377  0.02163277
  0.01036526  0.0036968   0.00081534  0.00297731  0.01251915  0.00915946
 -0.00390335 -0.00156463  0.01697763  0.00139675  0.0009359   0.00854797
  0.02837642 -0.00068661  0.00657319  0.01595317  0.01443505 -0.00279717
  0.01814295  0.00533714 -0.01116164  0.01164914  0.01227398  0.00552959
 -0.01659423  0.00933525 -0.01598745 -0.00693423  0.00555309  0.00118073
  0.00703332  0.01996148  0.00587941  0.01821416  0.01850236  0.00253126
  0.03711915  0.00145733  0.00174741  0.01785632  0.00900005  0.02100232
  0.01585146  0.01013638  0.01690654  0.01840826  0.00916895  0.01802056
 -0.00599586  0.0003685  -0.00130579  0.00486018  0.00395817  0.0046319 ]
choses models for each round
['LSTMVAE_2', 'LSTMVAE_4', 'CBLOF_2', 'LSTMVAE_4', 'LOF_3', 'LSTMVAE_2', 'CBLOF_4', 'RM_3', 'LSTMVAE_3', 'LOF_3', 'LOF_1', 'LSTMVAE_2', 'DGHL_3', 'LSTMVAE_2', 'LOF_3', 'LSTMVAE_1', 'DGHL_3', 'CBLOF_2', 'CBLOF_1', 'DGHL_1', 'LSTMVAE_2', 'LSTMVAE_3', 'DGHL_1', 'RM_1', 'LSTMVAE_2', 'CBLOF_3', 'DGHL_3', 'DGHL_2', 'LSTMVAE_3', 'RM_1', 'LOF_1', 'LOF_2', 'RM_1', 'CBLOF_3', 'LOF_4', 'DGHL_1', 'CBLOF_2', 'LSTMVAE_1', 'DGHL_3', 'LOF_2', 'DGHL_1', 'LOF_1', 'LOF_3', 'DGHL_3', 'LOF_3', 'RM_2', 'DGHL_4', 'DGHL_2', 'DGHL_4', 'CBLOF_2', 'CBLOF_3', 'RM_1', 'CBLOF_4', 'RM_3', 'MD_1', 'LSTMVAE_2', 'RM_3', 'LOF_1', 'RM_2', 'RM_3', 'RM_1', 'RM_3', 'LOF_4', 'LSTMVAE_4', 'CBLOF_4', 'DGHL_3', 'CBLOF_1', 'DGHL_4', 'CBLOF_4', 'RM_1', 'DGHL_2', 'LOF_4', 'RM_2', 'DGHL_3', 'CBLOF_4', 'LOF_2', 'LOF_1', 'LSTMVAE_4', 'LSTMVAE_1', 'LOF_2', 'LSTMVAE_4', 'LSTMVAE_4', 'LSTMVAE_4', 'LOF_1', 'MD_1', 'LSTMVAE_3', 'LSTMVAE_2', 'LSTMVAE_3', 'MD_1', 'RM_1', 'CBLOF_1', 'CBLOF_3', 'MD_1', 'LOF_1', 'RM_2', 'LOF_3', 'RM_2', 'DGHL_3', 'LSTMVAE_4']

Models ranked by mean score:
1. LSTMVAE_2 with score 0.3973446061942746
2. LSTMVAE_4 with score 0.3529331101412398
3. LSTMVAE_1 with score 0.15300132342900946
4. LSTMVAE_3 with score 0.15055218058061381
5. DGHL_3 with score 0.13895666033327964
6. RM_1 with score 0.08974714370274398
7. LOF_1 with score 0.07415565820557245
8. LOF_3 with score 0.0618123550115833
9. MD_1 with score 0.05764668578779426
10. DGHL_1 with score 0.056465204581333944
11. RM_2 with score 0.04400094453290336
12. LOF_2 with score 0.029543528939639074
13. CBLOF_2 with score 0.025906401263985142
14. LOF_4 with score 0.02395473019450084
15. CBLOF_4 with score 0.022689710646361348
16. DGHL_2 with score 0.022459326605331842
17. CBLOF_3 with score 0.019265028529482184
18. DGHL_4 with score 0.017870028326528745
19. CBLOF_1 with score 0.013322474026070969
20. RM_3 with score 0.013099674181484028

 evaluation for models over the current test data:
[1039, 1034, 1014, 1043, 867, 734, 847, 847, 732, 860, 764, 847, 1659, 847, 1632, 857, 1658, 1239, 1721, 621]
 f1_score list for models over the current test data:
{'LSTMVAE_2': 0.7411460689719556, 'LSTMVAE_4': 0.7280709080128228, 'LSTMVAE_1': 0.7352436304537282, 'LSTMVAE_3': 0.739490636532574, 'DGHL_3': 0.7390661214371871, 'RM_1': 0.7652390141014492, 'LOF_1': 0.745216407307221, 'LOF_3': 0.745216407307221, 'MD_1': 0.7111148513106941, 'DGHL_1': 0.7390683559229202, 'RM_2': 0.7504636523473817, 'LOF_2': 0.745216407307221, 'CBLOF_2': 0.6382536535671666, 'LOF_4': 0.745216407307221, 'CBLOF_4': 0.640922731775253, 'DGHL_2': 0.7303073200347631, 'CBLOF_3': 0.6378817233525119, 'DGHL_4': 0.6743652714525517, 'CBLOF_1': 0.6326302727859406, 'RM_3': 0.7920971384767295}
 pr_score list for models over the current test data:
{'LSTMVAE_2': 0.7866406233779366, 'LSTMVAE_4': 0.7721578880483164, 'LSTMVAE_1': 0.7808184518549245, 'LSTMVAE_3': 0.7846498866910753, 'DGHL_3': 0.7479532502750479, 'RM_1': 0.8133410172843492, 'LOF_1': 0.8517519338788451, 'LOF_3': 0.8517519338788451, 'MD_1': 0.8081600732997861, 'DGHL_1': 0.7588269438323667, 'RM_2': 0.8257052937159326, 'LOF_2': 0.8517519338788451, 'CBLOF_2': 0.5090256223206739, 'LOF_4': 0.8517519338788451, 'CBLOF_4': 0.5126033281802925, 'DGHL_2': 0.7857909948571051, 'CBLOF_3': 0.5217194191017608, 'DGHL_4': 0.6995488398758387, 'CBLOF_1': 0.5524477356050502, 'RM_3': 0.84173235731745}
 evaluation for models over the new test data:
[]
 f1_score list for models over the new test data:
{}
 pr_score list for models over the new test data:
{}