Summary of Linear Thompson Sampling:
Model: LOF_1
  Mean: [-0.0242936   0.22079432  0.1265459   0.23085573  0.15993567  0.09690008
  0.11621426  0.20349921  0.19209568  0.19936688 -0.01108123 -0.00985008
  0.30590479  0.10871723  0.08819974  0.04482186  0.01044827  0.04572764
  0.22841295  0.05507972  0.22064484  0.27698133  0.10441573  0.14450636
  0.09164424 -0.21052718  0.15600754 -0.05416997 -0.22228371  0.07471348]
Model: LOF_2
  Mean: [ 0.03742588  0.11240396  0.00470805  0.1420218   0.1309421   0.14357604
  0.09390132  0.03431071  0.22477158 -0.00347534  0.18600787  0.30182797
  0.20124579  0.23075726  0.16547808  0.11144941 -0.02058282  0.08137365
 -0.07959838  0.2094062  -0.03463273 -0.12337462  0.09132997  0.18922808
 -0.03927689  0.2834763   0.08982097  0.30849808  0.12815991 -0.1430813 ]
Model: LOF_3
  Mean: [ 0.05342917  0.18240105  0.02899144  0.16957649  0.17241459  0.07921973
  0.20412274  0.11292445 -0.02514824  0.08916291  0.16910762 -0.01506558
  0.10412102  0.04300374  0.070151    0.01408289 -0.03964238  0.06841011
  0.1201169   0.14633937  0.14284623  0.0706854   0.17245996  0.11029218
  0.04851355 -0.00160359  0.07879538  0.17280907  0.06571609  0.24572076]
Model: LOF_4
  Mean: [ 0.11557746  0.27261978  0.09090759  0.38207068  0.14355979  0.09024964
  0.09890702  0.2916349   0.13751042  0.1088578   0.14324539 -0.07771532
  0.01519546  0.22397402  0.00080061 -0.01448253  0.07458364  0.12341511
  0.00470363  0.08941961 -0.07635474  0.18431537  0.07771556  0.05513787
  0.18014487 -0.00465181  0.01328888  0.25805804 -0.02491889  0.08625109]
Model: NN_1
  Mean: [-0.00244216  0.02400184 -0.02894867  0.01371073  0.01535575  0.01047266
 -0.02241411  0.02398807  0.06453735 -0.00031635  0.03912655  0.04210609
  0.05477864  0.03166551  0.04352456  0.06606221  0.05993375  0.04231851
  0.06427501  0.02406698  0.05633571  0.03340649  0.08114482  0.06469058
  0.03141096  0.03168456  0.0760583  -0.00265229  0.02921346  0.0075909 ]
Model: NN_2
  Mean: [ 0.03029538 -0.03283284  0.04540028  0.03144666  0.01635287  0.06806141
  0.03540602  0.01366894  0.05059776  0.07450686  0.07704122  0.08049342
  0.05257813  0.04921173  0.03468834  0.05355173  0.05169858  0.04283322
  0.0372325   0.03775696  0.03194082  0.00577396 -0.01527808  0.06978212
  0.03898634  0.0206565   0.02832421 -0.06185852 -0.00477571  0.01032175]
Model: NN_3
  Mean: [ 5.14095040e-02 -1.48376661e-06  7.70804090e-02  8.99708602e-02
  1.01795506e-01  6.72314506e-02 -2.37697357e-02  2.40991399e-02
  2.05355626e-02  4.72988568e-02 -2.44908404e-02  1.84790087e-02
  1.17554630e-02 -3.37524181e-05 -9.58744418e-04  6.48930920e-02
  7.92540864e-02  8.94952231e-02  6.34305364e-02  8.94699318e-02
  6.63038658e-02  3.65477981e-02 -1.94045519e-02  2.27866483e-02
  3.65698719e-02 -6.38687892e-02  6.25174979e-02 -2.85062464e-02
 -7.77098117e-02  7.84886617e-02]
Model: RNN_1
  Mean: [ 0.11756594  0.10898821  0.06759426 -0.03473547  0.21497904 -0.00908487
 -0.00354049 -0.02205943  0.19536547  0.23090122  0.00506025  0.29349716
  0.11850472  0.10177407  0.08941064 -0.13629558  0.10067662  0.11823619
  0.19608657  0.23338259  0.27889989  0.12662387  0.18616132  0.1111758
 -0.00724981  0.11189561  0.14467802  0.18786629  0.14451702  0.05044806]
Model: RNN_2
  Mean: [-0.03306446  0.06724814  0.07473405  0.0711171   0.06422332  0.00362384
 -0.09148549  0.0454236   0.05357162 -0.10041559 -0.02959528  0.10216138
  0.026661    0.00387503  0.04819396  0.09374341 -0.00572542  0.10840848
  0.13628813  0.10023304  0.17149153  0.10997845  0.05145867  0.17057656
  0.09261368  0.18980689  0.12917994  0.1569248   0.12353011  0.13327367]
Model: RNN_3
  Mean: [-0.0761761  -0.08232467  0.15468955  0.13979144 -0.04615995  0.11300664
 -0.02364086 -0.09115819  0.23835535  0.12095069  0.04178293  0.09798599
  0.12241815  0.2444733   0.31149563  0.10003992  0.26390191  0.19280282
 -0.0004203   0.04542689 -0.07248603  0.08338711  0.10819761  0.09311987
  0.17446678  0.07125515 -0.04438297  0.10021874  0.12219013  0.21402343]
Model: RNN_4
  Mean: [ 0.06274115  0.17319676 -0.01874139 -0.06795499 -0.10014405  0.02851301
  0.07373293 -0.00482945  0.03308783 -0.02287799  0.15306583  0.15927924
 -0.12735117  0.04662682  0.16223996  0.03691507 -0.02960528  0.13927721
  0.08859262  0.08207535  0.1039624   0.06849809  0.07322405  0.35997149
  0.00516858  0.12927561  0.13753389  0.06251823  0.18434963  0.31913366]

Models ranked by mean score:
1. LOF_1 with score 0.75016758043068
2. LOF_2 with score 0.7316073485115396
3. LOF_4 with score 0.6584321632367002
4. RNN_1 with score 0.6569913380086955
5. RNN_3 with score 0.5941335627563404
6. RNN_4 with score 0.5123936311047728
7. LOF_3 with score 0.4238870415405882
8. RNN_2 with score 0.29952501487609096
9. NN_3 with score 0.09594116016628432
10. NN_2 with score 0.06134985200048321
11. NN_1 with score 0.054608316143325106
