Summary of Linear Thompson Sampling:
Model: LOF_1
  Mean: [[0.]
 [0.]
 [0.]
 [0.]
 [0.]
 [0.]
 [0.]
 [0.]
 [0.]
 [0.]
 [0.]
 [0.]
 [0.]
 [0.]
 [0.]
 [0.]
 [0.]
 [0.]
 [0.]
 [0.]
 [0.]
 [0.]
 [0.]
 [0.]
 [0.]
 [0.]
 [0.]
 [0.]
 [0.]
 [0.]
 [0.]
 [0.]
 [0.]
 [0.]
 [0.]
 [0.]
 [0.]
 [0.]
 [0.]
 [0.]
 [0.]
 [0.]
 [0.]
 [0.]
 [0.]
 [0.]
 [0.]
 [0.]
 [0.]
 [0.]
 [0.]
 [0.]
 [0.]
 [0.]
 [0.]
 [0.]
 [0.]
 [0.]
 [0.]
 [0.]
 [0.]
 [0.]
 [0.]
 [0.]
 [0.]
 [0.]
 [0.]
 [0.]
 [0.]
 [0.]
 [0.]
 [0.]
 [0.]
 [0.]
 [0.]
 [0.]
 [0.]
 [0.]
 [0.]
 [0.]
 [0.]
 [0.]
 [0.]
 [0.]
 [0.]
 [0.]
 [0.]
 [0.]
 [0.]
 [0.]
 [0.]
 [0.]
 [0.]
 [0.]
 [0.]
 [0.]
 [0.]
 [0.]
 [0.]
 [0.]
 [0.]
 [0.]
 [0.]
 [0.]
 [0.]
 [0.]
 [0.]
 [0.]
 [0.]
 [0.]
 [0.]
 [0.]
 [0.]
 [0.]
 [0.]
 [0.]
 [0.]
 [0.]
 [0.]
 [0.]
 [0.]
 [0.]
 [0.]
 [0.]
 [0.]
 [0.]
 [0.]
 [0.]
 [0.]
 [0.]
 [0.]
 [0.]
 [0.]
 [0.]
 [0.]
 [0.]
 [0.]
 [0.]
 [0.]
 [0.]
 [0.]
 [0.]
 [0.]
 [0.]
 [0.]
 [0.]
 [0.]
 [0.]
 [0.]
 [0.]
 [0.]
 [0.]
 [0.]
 [0.]
 [0.]
 [0.]
 [0.]
 [0.]
 [0.]
 [0.]
 [0.]
 [0.]
 [0.]
 [0.]
 [0.]
 [0.]
 [0.]
 [0.]
 [0.]
 [0.]
 [0.]
 [0.]
 [0.]
 [0.]
 [0.]
 [0.]
 [0.]
 [0.]
 [0.]
 [0.]
 [0.]
 [0.]
 [0.]
 [0.]
 [0.]
 [0.]
 [0.]
 [0.]
 [0.]
 [0.]
 [0.]
 [0.]
 [0.]
 [0.]
 [0.]
 [0.]
 [0.]
 [0.]
 [0.]
 [0.]
 [0.]
 [0.]
 [0.]
 [0.]
 [0.]
 [0.]
 [0.]
 [0.]
 [0.]
 [0.]
 [0.]
 [0.]
 [0.]
 [0.]
 [0.]
 [0.]
 [0.]
 [0.]
 [0.]
 [0.]
 [0.]
 [0.]
 [0.]
 [0.]
 [0.]
 [0.]
 [0.]
 [0.]
 [0.]
 [0.]
 [0.]
 [0.]
 [0.]
 [0.]
 [0.]
 [0.]
 [0.]
 [0.]
 [0.]
 [0.]
 [0.]
 [0.]
 [0.]
 [0.]
 [0.]
 [0.]
 [0.]
 [0.]
 [0.]
 [0.]
 [0.]
 [0.]
 [0.]
 [0.]
 [0.]
 [0.]
 [0.]
 [0.]
 [0.]
 [0.]
 [0.]
 [0.]
 [0.]
 [0.]
 [0.]
 [0.]
 [0.]
 [0.]
 [0.]
 [0.]
 [0.]
 [0.]
 [0.]
 [0.]
 [0.]
 [0.]
 [0.]
 [0.]
 [0.]
 [0.]
 [0.]
 [0.]
 [0.]
 [0.]
 [0.]
 [0.]
 [0.]
 [0.]
 [0.]
 [0.]
 [0.]
 [0.]
 [0.]
 [0.]
 [0.]
 [0.]
 [0.]
 [0.]
 [0.]
 [0.]]
Model: LOF_2
  Mean: [ 0.00440869  0.0044265   0.00507877  0.00500029  0.00500182  0.00312206
  0.00156127 -0.00024822  0.00370703  0.00427283  0.00356122  0.00134827
  0.00343401  0.00375052  0.00385863  0.00390212  0.00361723  0.00363425
  0.00345787 -0.0018287   0.00117196  0.00145673  0.00261547 -0.00203239
  0.00499293  0.00122365  0.00214765  0.00567029  0.00139614 -0.001946
  0.00101474  0.00337025  0.01021869  0.00414576  0.00453493  0.00085247
  0.00087229  0.00204519  0.006743    0.00365253  0.00465019  0.00473376
  0.00457306  0.0042081   0.0040899   0.00150022  0.00340455  0.00342796
  0.00371922  0.0015036   0.00367568  0.00376814  0.00358315  0.00449106
  0.0045383  -0.00041644  0.00099641  0.00303047  0.00076308  0.00084069
 -0.00165555  0.0024126   0.00064723  0.00187434  0.00128088  0.00165391
  0.00305963  0.00462477  0.00445521  0.0044584  -0.00367723  0.003156
  0.00436328  0.00444017  0.00455181  0.00446339  0.00825996  0.00868667
  0.0026532   0.00718031  0.00366508  0.00331728  0.00282724  0.00547489
 -0.00383625  0.00365982  0.00217208  0.0051035   0.00055675 -0.0039539
  0.00065821  0.00061806  0.00068576  0.00093847  0.00095028  0.00092057
  0.00155793  0.00122709 -0.00126687 -0.00350843  0.00341776  0.00420386
  0.00468376  0.00365619  0.00464082  0.00451776  0.00679456  0.00451974
  0.00447132  0.00438075  0.0084944   0.00414347  0.00744143  0.00361962
  0.00146762 -0.0012938   0.00315193  0.00049617  0.00302753  0.00301388
  0.00198291  0.00316887 -0.00130486 -0.00244645  0.00120579  0.00089666
  0.00443078  0.0027853  -0.00292614  0.00059359  0.00140679  0.00084429
  0.00081007  0.00100386  0.00238805  0.00370045  0.00634014  0.0011044
  0.00168694  0.00806305  0.00478109  0.00481937  0.00516098  0.00459856
 -0.00043718  0.00444832  0.00520476  0.00566374  0.0039847   0.00177836
  0.00343017  0.00340478  0.0034745   0.00365326  0.00376378  0.00539313
  0.00378941  0.00141535  0.00301739  0.00232347  0.00057218  0.00075759
 -0.00389765  0.00277993  0.00069709  0.00080419  0.00081249  0.00076644
 -0.00102042  0.00470458  0.00142601  0.00454766  0.00372327  0.00587973
  0.00012998  0.00444882  0.00448529  0.00590268  0.00036098  0.004298
  0.00458805  0.00452072  0.004382    0.00447961  0.00418663  0.00612501
  0.00113204  0.00370657  0.00743874  0.00179069  0.00365794  0.00357457
  0.00331455  0.00301342  0.00271799 -0.0063972  -0.00026398  0.00371224
  0.00059017  0.00101223  0.00109289  0.00095027  0.00082416 -0.00225947
  0.00284035  0.00074461 -0.00183902  0.00551894  0.00429344  0.00447144
  0.00462802  0.01119445  0.00435908  0.00429276  0.00422262  0.00398752
  0.01247836  0.00582092  0.00413376  0.00419982  0.00311848  0.00407569
  0.00386377  0.00294129  0.00106792  0.00350993  0.00240912  0.00354897
  0.00335217  0.00149686 -0.00180576  0.00239744  0.0006385   0.00516866
  0.00043549  0.00049212  0.00052543 -0.00029935  0.00390921  0.00084712
  0.00097623  0.00107176 -0.00300714  0.00328551  0.00439718  0.004895
  0.00514596  0.00480702  0.00335449  0.0047143   0.00556634  0.00793882
  0.00440579  0.00447233  0.0045019   0.00461064  0.00849392  0.00490783
  0.00384811  0.00835859  0.00418818  0.00388427  0.00359327  0.00345429
  0.00225651  0.00351977  0.00346581  0.00570605  0.00316266  0.00444505
  0.00120993  0.00127715  0.00127891  0.00114587  0.00119589  0.00102308
  0.00097549  0.00229169  0.00256227  0.00099036  0.00169452  0.00476228
  0.0031505  -0.00167494  0.001409    0.00419545  0.00263741  0.00423726
  0.00797197  0.00443077  0.00459422 -0.00310914  0.00481673  0.00479469
  0.00471103  0.00465851  0.00317634  0.00400552  0.00550577  0.0036501 ]
Model: LOF_3
  Mean: [[0.]
 [0.]
 [0.]
 [0.]
 [0.]
 [0.]
 [0.]
 [0.]
 [0.]
 [0.]
 [0.]
 [0.]
 [0.]
 [0.]
 [0.]
 [0.]
 [0.]
 [0.]
 [0.]
 [0.]
 [0.]
 [0.]
 [0.]
 [0.]
 [0.]
 [0.]
 [0.]
 [0.]
 [0.]
 [0.]
 [0.]
 [0.]
 [0.]
 [0.]
 [0.]
 [0.]
 [0.]
 [0.]
 [0.]
 [0.]
 [0.]
 [0.]
 [0.]
 [0.]
 [0.]
 [0.]
 [0.]
 [0.]
 [0.]
 [0.]
 [0.]
 [0.]
 [0.]
 [0.]
 [0.]
 [0.]
 [0.]
 [0.]
 [0.]
 [0.]
 [0.]
 [0.]
 [0.]
 [0.]
 [0.]
 [0.]
 [0.]
 [0.]
 [0.]
 [0.]
 [0.]
 [0.]
 [0.]
 [0.]
 [0.]
 [0.]
 [0.]
 [0.]
 [0.]
 [0.]
 [0.]
 [0.]
 [0.]
 [0.]
 [0.]
 [0.]
 [0.]
 [0.]
 [0.]
 [0.]
 [0.]
 [0.]
 [0.]
 [0.]
 [0.]
 [0.]
 [0.]
 [0.]
 [0.]
 [0.]
 [0.]
 [0.]
 [0.]
 [0.]
 [0.]
 [0.]
 [0.]
 [0.]
 [0.]
 [0.]
 [0.]
 [0.]
 [0.]
 [0.]
 [0.]
 [0.]
 [0.]
 [0.]
 [0.]
 [0.]
 [0.]
 [0.]
 [0.]
 [0.]
 [0.]
 [0.]
 [0.]
 [0.]
 [0.]
 [0.]
 [0.]
 [0.]
 [0.]
 [0.]
 [0.]
 [0.]
 [0.]
 [0.]
 [0.]
 [0.]
 [0.]
 [0.]
 [0.]
 [0.]
 [0.]
 [0.]
 [0.]
 [0.]
 [0.]
 [0.]
 [0.]
 [0.]
 [0.]
 [0.]
 [0.]
 [0.]
 [0.]
 [0.]
 [0.]
 [0.]
 [0.]
 [0.]
 [0.]
 [0.]
 [0.]
 [0.]
 [0.]
 [0.]
 [0.]
 [0.]
 [0.]
 [0.]
 [0.]
 [0.]
 [0.]
 [0.]
 [0.]
 [0.]
 [0.]
 [0.]
 [0.]
 [0.]
 [0.]
 [0.]
 [0.]
 [0.]
 [0.]
 [0.]
 [0.]
 [0.]
 [0.]
 [0.]
 [0.]
 [0.]
 [0.]
 [0.]
 [0.]
 [0.]
 [0.]
 [0.]
 [0.]
 [0.]
 [0.]
 [0.]
 [0.]
 [0.]
 [0.]
 [0.]
 [0.]
 [0.]
 [0.]
 [0.]
 [0.]
 [0.]
 [0.]
 [0.]
 [0.]
 [0.]
 [0.]
 [0.]
 [0.]
 [0.]
 [0.]
 [0.]
 [0.]
 [0.]
 [0.]
 [0.]
 [0.]
 [0.]
 [0.]
 [0.]
 [0.]
 [0.]
 [0.]
 [0.]
 [0.]
 [0.]
 [0.]
 [0.]
 [0.]
 [0.]
 [0.]
 [0.]
 [0.]
 [0.]
 [0.]
 [0.]
 [0.]
 [0.]
 [0.]
 [0.]
 [0.]
 [0.]
 [0.]
 [0.]
 [0.]
 [0.]
 [0.]
 [0.]
 [0.]
 [0.]
 [0.]
 [0.]
 [0.]
 [0.]
 [0.]
 [0.]
 [0.]
 [0.]
 [0.]
 [0.]
 [0.]
 [0.]
 [0.]
 [0.]
 [0.]
 [0.]
 [0.]
 [0.]
 [0.]
 [0.]
 [0.]
 [0.]
 [0.]
 [0.]
 [0.]
 [0.]
 [0.]
 [0.]
 [0.]
 [0.]
 [0.]
 [0.]
 [0.]
 [0.]
 [0.]
 [0.]
 [0.]
 [0.]]
Model: LOF_4
  Mean: [-2.71823595e-03  3.19149205e-03 -2.64634751e-03 -2.81950671e-03
  5.19519521e-04  6.62761424e-04  5.37431041e-04  8.76221545e-04
  8.24619348e-03  6.86370805e-03  3.37752945e-03  3.56212361e-03
  3.66424686e-03  3.66375193e-03  3.62220480e-03  5.77057694e-03
  3.69663509e-03  3.63047453e-03  6.08480043e-03  3.51947499e-03
  4.97779719e-03  3.22506925e-03  3.11864423e-03  4.52702894e-03
  9.36188949e-04  2.67263840e-03  2.09708072e-03  2.87724059e-03
  2.06823823e-03  2.99849331e-03  2.41485739e-03  2.33240681e-03
  2.17697357e-03  7.12130686e-04  6.83289922e-04  2.63729036e-03
  2.27172284e-03  4.71435506e-03  6.59399969e-04  7.10251655e-04
  2.85095789e-05 -1.70619200e-03 -3.32255291e-03  2.29026410e-03
  3.06244595e-03  3.46123257e-03  7.68319199e-03  3.60863947e-03
  9.38475636e-04  2.89260167e-03  3.67479872e-03  3.61788071e-03
  3.58208419e-03  3.49712886e-03  3.56998754e-03  3.27436667e-03
  3.11469730e-03  9.58650134e-04  2.72980553e-03  2.74214687e-03
  2.83509956e-03  2.97651505e-03  2.98098847e-03  2.08599914e-03
  2.90844785e-03  9.15927051e-04  2.32192301e-03  3.07055482e-03
  4.26263751e-04  5.13752426e-04  5.32545666e-04  1.55558739e-03
  4.44089637e-03  5.55254042e-04  2.97338261e-03  8.41060595e-04
 -3.73716679e-04  9.17794715e-04  9.27203704e-04 -4.40038647e-04
  5.63058883e-04  3.20778631e-03  3.64081682e-03  3.72968546e-03
 -3.05342788e-04  3.80466417e-03  7.14076435e-04  3.77127708e-03
  3.60346101e-03  2.17413874e-03  3.53733063e-03  4.68990146e-03
  8.19867165e-03  3.16614241e-03  4.13432291e-03  3.72491050e-03
  2.86930115e-03  2.73435800e-03  6.68432286e-03  1.86559441e-03
  2.87008055e-03  2.94829829e-03  3.01476295e-03  2.82921861e-03
  2.58277379e-03  2.03110314e-03  2.00214003e-03  7.05412564e-04
 -3.57375717e-03  5.96841444e-04  5.45885086e-04  4.04315920e-04
 -1.73874687e-04  1.41930855e-04  6.87479679e-04  7.46817888e-04
  1.02309442e-03  1.85515903e-03  2.95473434e-03  3.35069664e-03
  3.47930893e-03  3.67242097e-03  3.73071464e-03  3.69518780e-03
  3.78025975e-03  3.73009174e-03  3.09620905e-03  2.88208415e-03
  1.47130564e-03 -6.47939398e-04  3.52022268e-03  3.36307041e-03
  4.03734064e-03  3.12371643e-03  6.59265794e-03  2.17958015e-03
  2.56831562e-03  2.70334763e-03  1.35273928e-03  2.91913105e-03
  2.88179072e-03  2.67735066e-03  2.41498206e-03  2.19684698e-03
  8.69610452e-04  2.56324493e-03  2.96998346e-03  5.07693587e-04
  5.37820201e-04  6.81270043e-04  5.09860432e-04  6.92989384e-04
 -2.39413457e-03  8.38079256e-04  2.49246652e-03  1.38406702e-03
  2.35973156e-03  4.85332117e-03  3.39341835e-03  6.48301345e-03
  3.47792786e-03  3.58034548e-03  3.73512360e-03  3.74649473e-03
  5.14131233e-03  3.85169183e-03  5.79219466e-03  5.64629957e-04
  3.79578462e-03  5.31018702e-03  6.98908660e-03  3.81326319e-03
  3.71582446e-03  3.59186199e-03  3.38803628e-03  3.31471848e-03
  3.23203596e-03  3.36456980e-04  2.62670062e-03  4.14817291e-03
  2.63170445e-03  1.20667378e-03  2.64381491e-03  7.66668563e-04
 -2.59401016e-04  1.91965269e-03 -2.40529971e-03  1.15425242e-03
  1.19389453e-03  1.19688159e-03  5.71451432e-03  8.74710260e-04
  7.97036491e-04  8.89917939e-04  5.07600222e-03  1.78227293e-03
  2.67087288e-03  3.24634127e-03  3.33097339e-03 -1.13795678e-03
  3.30938266e-03  2.56806018e-03  3.37052096e-03  7.17401478e-03
  3.44560246e-03  3.39212497e-03 -2.00385421e-05  4.51624740e-03
 -2.59471414e-05  3.41947127e-03  3.35464606e-03  1.52427377e-03
 -5.64827156e-04  1.06013425e-03  6.99045151e-03  4.55429713e-03
  3.93169297e-03  3.62994220e-03  1.42504974e-03  5.26408038e-03
  6.55219693e-03  3.45594256e-03  3.12852170e-03  3.39890738e-03
  5.93342799e-03  2.88886518e-03  2.49296527e-03  1.90111509e-03
  1.98484897e-04  1.20480767e-03  1.21986760e-03  3.74378567e-03
  1.69681825e-03  1.77605701e-03  1.15337047e-03  1.11720759e-03
  8.98972199e-04  1.03927646e-03 -7.39080822e-04  9.31490311e-04
  3.21616161e-04  2.10896316e-03 -3.29884851e-03  3.75876096e-04
  3.31385950e-03  2.47312589e-04  2.96903454e-03  2.75089353e-03
  3.52702735e-03  3.43706771e-03  3.37990479e-03  3.39866994e-03
  3.46501603e-03  3.55571484e-03  3.55929848e-03  3.02783201e-03
  6.12479870e-03  3.66345089e-03  3.49449615e-03  3.10343005e-03
  1.95877895e-04  3.35775692e-03  5.28060262e-03  2.90898567e-03
  3.22390492e-03  2.72467315e-03  1.23711066e-03  3.06606080e-03
  9.00015072e-04  3.74843726e-03 -1.27217548e-03  4.98728783e-04
  6.75963987e-04  5.98487857e-04  2.94841670e-03  6.82763639e-04
 -1.09976735e-03  8.82377873e-04  3.59325985e-03  1.67988415e-03
  2.18290971e-03  3.08033078e-03  8.30012669e-03  6.66210023e-03
  3.70608884e-03  3.67744594e-03  3.55866083e-03  3.37174996e-03
  3.40457319e-03  3.40468811e-03  2.84028957e-03  3.88419927e-03
  8.39626227e-03  3.57149884e-03  7.20288878e-03  5.87417572e-03
  3.35846495e-03  3.20806321e-03  2.84981328e-03  2.75738504e-03]
Model: NN_1
  Mean: [ 2.96156454e-03  2.74126407e-03  5.65880100e-03  1.80264630e-03
  2.34842713e-03  1.86901521e-03  2.29285524e-03  3.68127773e-04
  9.34245646e-04  8.00531976e-04  2.74191464e-03  3.67513452e-03
  4.47750674e-03  7.34779176e-03  5.47215068e-03  4.39975190e-03
  4.24228302e-03  4.04682961e-03  4.76219235e-03  4.23739559e-03
  4.12116334e-03  3.81044953e-03  3.57858987e-03  3.62874605e-03
  4.13243357e-03  3.32040721e-03  2.85461868e-03  2.40987089e-04
  2.97830631e-03  5.29405056e-03  1.08231383e-03  1.17743655e-03
  3.03341565e-03  5.03148539e-03  1.69342094e-03  1.43938986e-03
  1.44814622e-03  2.58664077e-04  1.11817820e-03 -2.24940040e-03
  6.57643267e-05  3.18754323e-03  2.13197747e-03  1.43506403e-03
  2.07945856e-03  4.05587633e-03  4.62203658e-03  3.10610238e-03
  3.95530145e-03  3.42352796e-03  4.72109108e-03  4.32703113e-03
  1.57280185e-04  3.30367242e-03  2.86736383e-03  3.94164967e-03
  3.79041414e-03  1.58580790e-03  2.89207707e-03  2.61480394e-03
  7.34669826e-04  2.54229709e-03  3.04937149e-03  2.44329306e-03
  1.64962800e-03 -6.93707014e-04  2.71308673e-03  2.84210500e-03
  2.11149582e-03  1.29104964e-03  6.02180564e-04  1.18628621e-03
  1.03045412e-03  1.36721317e-03  4.98642653e-03  3.80912593e-03
  1.93504879e-03  1.37241660e-03  1.25615689e-03  1.01118426e-03
 -1.58685940e-04  6.64245253e-03  4.26627346e-03  4.21145777e-03
  4.18022781e-03  4.82966564e-03  3.60243260e-03  3.98075857e-03
  3.92782472e-03  3.87938043e-03  3.82889164e-03  4.14603394e-03
  4.07390595e-03  3.62068296e-03  7.30906291e-04  3.78479074e-03
  3.94857419e-03  3.09305162e-03 -2.24592166e-03  2.56012076e-03
  2.95563320e-03 -1.64747536e-03  2.98399236e-03  2.65566938e-03
  2.44112601e-03 -1.52426221e-03  1.10191209e-03  1.24301621e-03
  1.27507835e-03  8.36083936e-04  5.88464386e-04  1.12629673e-03
  5.18348021e-03  8.68982095e-03 -7.13248939e-04  7.11575769e-04
  2.01732119e-03  4.11702660e-03  4.48701572e-03  7.70795872e-03
  4.18578727e-03  3.99581643e-03  4.12041690e-03  7.24657496e-03
  3.95524760e-03  4.28884067e-03  3.78594466e-03  2.88045928e-03
  2.21497247e-03  3.54751739e-03  1.59162380e-03  3.69000166e-03
  2.85212955e-03  2.82615110e-03  3.48296078e-03  7.64028030e-03
  3.19516821e-03  2.79645858e-03  3.52548698e-03  2.58493717e-03
  2.05158101e-03  7.77412364e-04 -8.72803715e-05  3.95664108e-03
 -5.45929208e-04 -7.86627937e-04  1.40479733e-03  7.42483360e-04
  1.12639905e-03  1.26624366e-03  1.26971815e-03  1.31965513e-03
  3.53859158e-03  3.65630219e-03  3.57540493e-03  4.38948254e-03
  3.75376455e-03  5.02036137e-03  4.25936291e-03  3.90888259e-03
  4.71263413e-03  1.92581142e-03  3.41263975e-03 -2.77290758e-04
  2.99250203e-03  4.50312299e-03  3.07141885e-03  2.84818027e-03
  2.39658976e-03  2.87394911e-03  2.96173138e-03  3.90528996e-03
  2.90095283e-03  2.74034498e-03  3.06379243e-03  2.37885970e-04
  2.39633117e-03  1.46283921e-03  1.10272225e-03  1.17940370e-03
  1.22927089e-03  2.03745172e-03  1.03722318e-03  9.44681687e-04
  8.62939625e-04  1.16612530e-03 -5.64601215e-03  1.66960409e-03
  3.10194490e-03  1.16630681e-03  1.84337158e-03  4.13165200e-03
  4.22385467e-03  4.14920978e-03  4.19715651e-03  4.24503600e-03
 -1.05074522e-03  3.85905677e-03  7.04281993e-03  3.58566877e-03
  7.75395085e-03  4.58032801e-03  3.01660540e-03  4.97669888e-03
  3.19249665e-03  2.94283874e-03  2.45228719e-03  4.08486593e-03
  2.79967974e-03  2.03645870e-03  3.22115750e-03 -1.93055823e-04
  1.11951503e-03 -2.85759438e-03  1.89742898e-03  5.86888957e-03
  1.62537261e-04  1.14589968e-03  7.18424483e-05  2.54288093e-03
  2.20344176e-03 -6.74147632e-03  1.99004581e-03  1.97024133e-03
  3.31069818e-03 -1.95947411e-05  8.24552367e-03  1.55378020e-03
  1.65750956e-03  4.09265892e-03  4.11813980e-03  5.32540366e-03
  5.69305735e-03  4.00657142e-03  3.89459622e-03  2.69344098e-03
  3.00492208e-03  3.87504508e-03  3.09504091e-03  4.33189653e-03
  4.51413598e-03  2.73339482e-03  1.03877560e-03  2.83488645e-03
  3.03055973e-03  3.05794701e-03  4.09456747e-03  2.47080713e-03
  1.08552581e-03  1.08713454e-03  6.60851972e-03 -5.58803286e-03
  1.08362982e-03  2.86003223e-04  1.32916927e-03  1.31247915e-03
  1.52382335e-03 -3.42528557e-04  1.69462666e-03  5.60698088e-03
  3.42674854e-03  4.25045236e-03  7.23337936e-03  4.23260569e-03
  1.43914221e-03  4.10622149e-03  5.49800482e-03  3.92737443e-03
  3.55825992e-03  3.24129199e-03  4.06881261e-03  3.57796510e-03
  3.04398267e-03  4.59378646e-03  1.78111701e-03  3.41594980e-03
  3.96127871e-04  4.35398671e-03  3.05049321e-03  4.36016167e-04
  2.52962210e-03  6.56219418e-03  5.60805606e-03  2.80150507e-03
 -1.74322588e-03  1.18878715e-03 -4.71931062e-03  9.87448627e-04
 -3.38023921e-05  8.63884261e-04  6.04992511e-04 -2.41321733e-03
  9.92569724e-04  7.14612251e-04  2.47722419e-03  3.20911823e-03
  1.68989833e-03  7.18057415e-03  4.64748014e-03  4.48186491e-03]
Model: NN_2
  Mean: [ 1.86849766e-03  2.47271221e-03  2.46338854e-03  2.38958362e-03
  2.23442681e-03  4.13054806e-03  2.08334507e-03  1.66875285e-03
  4.59258413e-03  2.05924351e-03  2.36359884e-04  1.92555689e-03
  1.73349633e-03  1.65111742e-03  1.64646938e-03  2.78957198e-03
  1.21562390e-03  1.64415827e-03  1.48516010e-03  4.01249967e-03
  3.96253531e-04 -6.90374609e-04  2.01282130e-03  1.30685701e-03
  6.69421450e-05 -1.02978724e-03 -1.14771571e-03 -5.88678451e-06
  2.10074793e-03  6.71379500e-04  2.13445987e-03 -1.60229894e-04
  2.17602498e-03  2.23428522e-03  1.46421743e-03  2.16367861e-03
 -5.80519017e-05  1.61862423e-03  2.14950984e-03  2.23387288e-03
  7.31006428e-04  4.85232950e-03  1.42056601e-03 -2.81534928e-04
  1.63845195e-03  2.46656688e-04  2.25733764e-03  2.20963288e-03
  3.85712027e-04  3.49874658e-03  3.50106767e-03  1.36105724e-03
  3.44995711e-03  2.64410533e-03  3.07894027e-03  3.18553331e-03
  2.15637795e-03  4.72107358e-03  1.83838195e-03  1.68064975e-03
  1.65989766e-03  1.65527076e-03  1.69072671e-03  1.54250248e-03
  1.33201358e-03  1.05615967e-03 -2.53404989e-03  1.60501537e-03
  9.41700443e-04 -1.67329578e-04  3.69146269e-04  4.31832888e-04
  4.30240718e-04  4.23922325e-04  1.69151788e-03  6.74848387e-04
  7.58832457e-04  1.11356482e-03  1.93358171e-03  5.95039652e-04
 -2.17092967e-03  1.87332309e-03  2.23944934e-03  2.19367123e-03
  2.25655022e-03  2.25895190e-03  2.27898005e-03  2.08138423e-03
  1.44855463e-03  1.96382906e-03  2.06119458e-03  2.06240760e-03
  2.12794324e-03  1.99255354e-03  2.15251133e-03  1.82975471e-03
  3.89721019e-03  3.53766381e-03  6.59868370e-04  1.85182609e-03
  7.67257205e-04  1.67586248e-03 -1.27027049e-04  5.55436908e-04
  1.92111822e-03  3.84978288e-04  3.95083982e-04  3.04130222e-03
  3.45050832e-04  8.20100040e-04  1.37532257e-03  4.37798277e-04
  3.64682832e-03  1.46433351e-03  2.34074620e-03  2.18886948e-03
  1.48011422e-03  4.93529955e-03  2.46451723e-03  4.35375305e-03
  1.73779485e-03  2.78825187e-03  2.29082367e-03  2.20829981e-03
  1.98956009e-03  1.94609221e-03  1.94433038e-03  1.91984476e-03
  2.06690585e-03  1.77639895e-03  1.73409888e-03  1.71903442e-03
  1.76442948e-03  1.92164331e-03  1.75524160e-03  1.74253670e-03
  1.58984230e-03  1.51359119e-04 -1.74115336e-03  5.59159190e-04
  4.29490302e-04  4.33703263e-04  5.34954317e-04  4.31955117e-04
  2.59651266e-04 -1.55129008e-03  2.83857407e-04 -1.89172533e-03
  4.58280398e-04  2.20134649e-03  2.07324738e-03  2.52251527e-03
  4.55540689e-03  2.27451243e-03  2.35431162e-03  2.42850386e-03
  2.37597057e-03  2.42267136e-03  2.46774362e-03  2.41543885e-03
  2.24358253e-03  2.19730933e-03  5.55945378e-03  2.13844084e-03
  1.95074978e-03  1.89378593e-03  1.97441012e-03  1.23764690e-03
  1.31654590e-03  1.36946520e-03  1.66670376e-03  7.77327899e-04
  1.55278564e-03  1.45929480e-03  1.17974662e-03  6.82039204e-04
 -1.14782044e-03 -2.01387808e-03  2.13544168e-03  5.48991755e-04
  1.77926792e-03  3.98239420e-04 -1.62446890e-04  4.65547914e-04
  1.17354876e-03  1.74156131e-03  2.14729492e-03  1.58487253e-03
  3.08244804e-03  8.73578846e-04  2.42398969e-03  2.45615720e-03
  2.45212079e-03  2.50873733e-03  2.49763706e-03  2.94689498e-03
  2.40443671e-03  1.47681604e-03  2.21027846e-03  1.88174172e-03
  1.23342738e-03  1.72121938e-03 -1.31883448e-04  8.36210405e-04
  1.88440986e-03  1.74840602e-03 -1.83402530e-03 -4.30350820e-04
  2.38803918e-03 -2.13085897e-03  5.31814102e-04 -6.12261077e-04
  5.36300210e-04 -2.58618615e-03  6.02907535e-04  3.85254758e-03
  3.30500604e-03  4.17751178e-04  6.60017080e-04  1.64764326e-03
  2.18649495e-03  2.40107364e-03  1.35698633e-03  2.59615538e-03
  2.55790537e-03  2.50941001e-03  2.47772444e-03  2.38645204e-03
  2.37068266e-03  3.49899395e-03  2.24159294e-03  2.12951691e-03
  1.85901249e-03  3.33889820e-03  1.99769057e-03  1.81978821e-03
 -1.70104141e-03  1.66850801e-03 -2.55190241e-03  1.66568570e-03
  1.65415134e-03  1.57397203e-03  1.33509082e-03  7.96541499e-04
  1.67831400e-03 -7.74886954e-04  1.60980603e-03  8.23860054e-04
  2.53165623e-04 -1.38491229e-03  4.04158553e-04 -1.95766432e-03
  4.70414469e-05  1.38804348e-03  1.77166848e-03  2.92210128e-03
  1.62851170e-03  4.55194162e-03  2.94253820e-03 -2.66033447e-05
  2.20707918e-03  4.90253530e-03  6.90844763e-03  1.42349256e-03
  7.95123281e-04  2.13960578e-03  2.07582149e-03  2.71693044e-03
  1.94090408e-03  1.92165722e-03  2.92709409e-03  2.57835433e-03
  1.69624199e-03  1.75722324e-03  1.90803023e-03  3.42227420e-03
  1.69788695e-03  1.77637241e-03  1.62910733e-03  1.20527803e-03
  5.37431272e-04  8.49171192e-04  5.03308172e-04  4.89938766e-04
  1.69847779e-03  1.66168459e-03 -6.10791006e-04  2.57291388e-03
  1.22038227e-03  1.58555087e-03  9.91151027e-04  1.88674110e-03
  2.12906474e-03  2.29378581e-03  7.01662264e-04  2.44403192e-03
  2.45853144e-03  3.54781304e-03  2.39594700e-03  1.17752864e-03]
Model: NN_3
  Mean: [ 1.87874578e-03  3.06849264e-03  1.30748746e-03  2.65398384e-03
  1.87144341e-03  4.29507862e-04 -2.85590023e-03  4.42871275e-04
  3.07825260e-04  3.22004339e-04  3.11842978e-04  3.14170637e-04
 -7.63756108e-04  7.40059152e-04  1.19430629e-03 -1.54674613e-03
  7.74393355e-04  1.14822608e-03  2.15079013e-03  2.42640760e-03
  2.54428409e-03  2.54986331e-03  2.60337249e-03  2.58224816e-03
  2.62949574e-03 -7.66046045e-04  2.73004549e-03  3.48010949e-03
  2.46811324e-03  3.17573342e-03  2.63281438e-03  2.12781825e-03
  1.99312314e-03  2.73137116e-04 -9.62018839e-04  1.78222256e-03
  1.95100825e-03  1.38424045e-03  5.24522221e-04  1.76578796e-03
  1.84387849e-03  8.43720025e-04  2.73392154e-04  2.80436329e-04
  3.21108252e-04  3.18944367e-04  3.74848564e-04  4.76314324e-04
  5.31514354e-04  7.38672133e-04  2.12876751e-04  8.82961236e-04
  1.49291271e-03  1.98857700e-03  2.25643217e-03  3.67553225e-03
  1.22873415e-03  4.26084335e-03  2.57473942e-03  4.47048705e-03
  2.57001898e-03  1.30918014e-03  1.22146716e-03  2.18507128e-04
  2.02828786e-03  1.62447132e-03  1.94162097e-03  3.54021052e-03
  1.82886632e-03  1.74085439e-03  1.79350138e-03  1.84611807e-03
  1.73815113e-03  2.67055142e-03 -6.77505377e-04  2.29651044e-03
 -1.94243373e-04  3.58758624e-04  2.92546522e-03  3.74952069e-04
 -4.84788631e-04 -1.51107490e-03  5.29971500e-04  6.89397115e-04
  6.24392715e-04  3.23694416e-03  3.47896780e-03  2.33836203e-03
  9.33621699e-04  3.11548525e-03  4.38091874e-03  2.57950973e-03
  3.01347289e-03  2.63821025e-03  2.57726455e-03  2.49617048e-03
  2.43626977e-03  2.33438575e-03  2.25179761e-03  3.65134150e-03
  1.99692434e-03  2.32075679e-03  5.07416677e-04  1.79089443e-03
  1.87015808e-03  2.62679694e-03  8.73448497e-04  1.93997732e-03
  3.61934022e-03  1.41755848e-03  4.56225442e-04  1.54854386e-03
 -2.55282071e-03  2.02254202e-04 -1.05232567e-03  3.73769168e-04
  3.96254849e-04 -2.73857681e-03 -4.57333318e-04  5.42191574e-04
  4.88759832e-04  1.26082226e-03  2.50183673e-03  2.91495005e-03
  2.53720384e-03  4.29775880e-03  6.08128424e-03  5.36085426e-03
  2.33841673e-03  2.65439228e-03  2.87381431e-03  1.99698878e-03
  2.20982617e-03  2.09445677e-03  4.79070294e-03  2.22139017e-03
  4.04305006e-03  1.90691900e-03  3.56849680e-03  1.96744035e-03
  1.98366690e-03  2.14933931e-03  1.83936780e-03  1.97061099e-03
  2.09773997e-03  1.28775349e-03  4.97692835e-04  5.65978788e-04
 -8.38606599e-04  3.75831068e-03  1.56215419e-04  3.16039842e-03
  2.52777989e-04  4.48414164e-04  5.32250184e-04  5.45693482e-04
  7.99462135e-04  1.71324252e-03  3.92936883e-03  2.44271483e-03
  4.31473566e-03  2.62850838e-03  2.59952670e-03  4.01476285e-03
  9.42503488e-04  3.83500692e-03  2.51947902e-03  1.58378371e-03
  2.40652113e-03  2.28484576e-03  1.28319437e-03 -4.14697547e-04
  2.14050618e-03  2.38087160e-03  1.79647659e-03  1.83507939e-03
  1.37922021e-03  1.99004222e-03  3.07681794e-03 -6.59014641e-04
  4.91629016e-05  3.76638620e-03  1.53216642e-03  8.59145043e-04
  2.85635967e-03 -1.28703114e-03  7.45430832e-04  2.97263759e-03
  7.38265099e-04 -5.34267517e-04  6.75140547e-04  6.49445284e-04
  7.58791562e-04  9.15054767e-04  1.68097205e-03  2.12588805e-03
  2.37966801e-03  1.73449480e-03  2.82841562e-03  2.57476943e-03
  2.60143611e-03  2.51879628e-03  2.46618263e-03  2.32303954e-03
  2.24796948e-03  2.25166742e-03  2.42956152e-03  5.51458420e-03
  4.36132229e-03  2.14870051e-03  1.58800255e-03  2.05724386e-03
  1.68172709e-05  1.56434751e-03  2.23556474e-03  1.93297999e-03
  3.53324634e-03  1.89558182e-03  1.77374113e-03  2.80242768e-03
  5.77526507e-04  1.44240312e-03  1.13383193e-03  5.76170147e-04
  1.19783962e-03 -5.40665727e-04  9.05716207e-04  2.89160470e-04
 -5.90700766e-04  3.79030427e-04  8.08463027e-04  2.02133317e-03
  2.45689515e-03  2.44986089e-03  3.02680548e-03  2.53203189e-03
  2.53478041e-03  1.35158863e-03  2.60591815e-03  3.66096062e-04
  5.51137565e-03  3.52939109e-03  2.11872519e-03  2.11796255e-03
  2.08364033e-03  3.68445291e-03  2.49416111e-03  2.02048302e-03
  1.91296323e-03  1.85822236e-03  3.08172971e-03  1.72820037e-03
  1.61431978e-03  1.03659193e-03  4.95752810e-04  4.60136155e-04
  2.87767193e-03  3.99294545e-04  2.00996584e-03  1.67520663e-04
  3.79489441e-04  4.22340709e-04  4.91068050e-04  8.49014781e-04
  1.57931462e-03  1.48644849e-03  2.61255000e-03  2.61081971e-03
  3.35947295e-03  2.62943670e-03  2.65313040e-03  1.15219425e-05
  2.46491169e-03  1.41049720e-03  2.45935555e-03  2.33253053e-03
  2.27350492e-03  2.21816426e-03  2.24915191e-03  1.94084386e-03
  1.93352769e-03  4.58698859e-03  1.91335903e-03  1.96616133e-03
  1.92136650e-03  1.81610492e-03  2.79121642e-03  1.36514754e-03
  7.31148747e-04  3.35443143e-04  4.36334534e-04 -1.83193116e-03
  5.75680266e-04  6.20667274e-04  1.43278718e-03  6.52209183e-04
 -1.65189422e-03  1.39914311e-03  3.32565908e-03 -1.87219226e-03]
Model: RNN_1
  Mean: [ 0.00316566  0.00320208  0.00302641  0.0028839   0.00276133  0.00217519
  0.00056337  0.00483381 -0.00038598  0.00028149 -0.00426532  0.00065795
 -0.0027438   0.00362094 -0.00281386  0.00092498  0.00341355  0.00142631
  0.00366022  0.00102074  0.00671043  0.0087317   0.00427122  0.00651299
  0.0065276   0.00429027  0.00476166  0.00394372  0.0039334   0.00321846
  0.00377302  0.00767943  0.00406545  0.00392185  0.00367009 -0.00020098
  0.00319182  0.00832796  0.00181783  0.00320051  0.00312479  0.00334606
  0.00601007  0.00150184  0.00145121  0.00107923 -0.00071152 -0.0008462
  0.00068443  0.00304586  0.00067933  0.00084483  0.0046794  -0.00038252
  0.00489748  0.00358789  0.00511773  0.00352404  0.0042543   0.00427387
  0.00214173  0.00414204  0.00378696  0.00855005  0.00275422  0.0041229
  0.00447366  0.00380491  0.00353933  0.00622656  0.00306182  0.00290732
  0.00507924  0.00304632  0.00458409  0.00237307  0.00424617  0.006359
  0.00097393  0.00152964  0.00044555 -0.00293831 -0.00120171  0.00053876
  0.00265724  0.00073035 -0.00082238 -0.00107018  0.00039888  0.00575032
  0.00347055  0.00399834  0.00545634  0.00122486  0.00431586  0.00299262
  0.00406415  0.00160103  0.0041912   0.00235941  0.00152378  0.00173923
  0.00402581  0.0039265   0.00363494  0.00336604  0.00327863  0.00106795
  0.00788127  0.00505905  0.00316905  0.00164828  0.00306991  0.00288725
  0.00253451  0.00153267  0.00047168  0.00048711  0.00162861  0.00069392
  0.00078613  0.00086114  0.00093573  0.00083689  0.00181175  0.00062149
 -0.00566816  0.00278104  0.00350286  0.00396809  0.00397777  0.00404627
  0.00392531  0.00810894  0.00437159  0.00680243  0.00393489  0.00424264
  0.00410795  0.006415    0.00390971  0.00386108  0.00656803 -0.00353506
  0.00345884  0.00449464  0.00343338  0.00750046  0.00057133  0.00214444
  0.00354028  0.00330579  0.00779081  0.00240956  0.00068128  0.00081975
  0.00077711  0.00078968  0.00399744  0.00106169  0.00104974  0.0011031
  0.00109033  0.00095802  0.00152738  0.00341335  0.00358395  0.0038353
  0.00384521  0.00139669  0.00424218  0.00418946  0.00427148  0.00432333
  0.0044304   0.00152755  0.00351849  0.00277456  0.00427625  0.00419035
  0.00012908  0.00115379  0.00351671  0.00272403  0.00345132  0.00280672
  0.00350316  0.00335043  0.00304168 -0.00026785  0.00179599  0.00052799
  0.00053276  0.00060808 -0.00027517  0.00033319  0.00061113  0.00574814
  0.00070922  0.00093949  0.00078162 -0.00387583  0.00218078  0.00880421
  0.00646674  0.00143075  0.0018107   0.0072122   0.00541131  0.00419845
  0.00239993  0.00402707  0.00394234  0.00285733  0.00764314  0.00381435
  0.00371658  0.00334645  0.00361311  0.00359376  0.0035347   0.00346422
 -0.0022675   0.00543334 -0.00089761  0.00485058  0.00148768  0.0037729
 -0.00221041  0.00033869  0.00119063 -0.00219258 -0.00123801  0.00479114
  0.00067221 -0.00473517  0.00533219  0.00099784  0.00171045  0.00050955
  0.00380085  0.00341912  0.00401145  0.00412844  0.00417054  0.00423679
  0.00356806  0.00177426  0.00398628  0.0039778   0.00384978 -0.00108855
  0.00370053 -0.00034227  0.00318396  0.00265348  0.00638725  0.00505779
  0.00356399  0.00889552  0.00197462  0.00680905  0.0026849   0.00050955
  0.00086087 -0.00223973  0.0008007   0.00075511 -0.00669936  0.00473626
  0.00077942  0.00014929  0.00323295  0.00105312  0.00362368  0.0029887
  0.00392292  0.00412899  0.00423653  0.00434356  0.00752161  0.00704216
  0.0042524   0.00419248  0.00444376  0.00398462  0.0053243   0.00407266
  0.00559497  0.00392513  0.00385162  0.00370787  0.00341786  0.00628172
  0.00337611  0.00328029  0.00331965  0.0031204   0.00301531  0.0023605 ]
Model: RNN_2
  Mean: [ 1.01816176e-03  3.61247093e-03  9.50260622e-03  1.67878739e-03
  4.78844676e-04  2.97811449e-03  1.74828018e-03 -3.19442522e-03
  5.67466888e-03  8.07843151e-04  2.86893047e-04  7.33910543e-04
  7.03302226e-04  9.58263512e-04  2.15730337e-03  5.70413636e-03
  9.03257653e-04  2.03713141e-03  4.60725069e-03  4.04021038e-03
  4.44240376e-03  4.62736768e-03  4.77539001e-03  4.73011810e-03
  4.61712726e-03  4.72362928e-03  4.50358439e-03  5.26654544e-03
  4.42495976e-03  6.92734779e-03  3.97590847e-03 -2.28810677e-03
  5.72758769e-03  3.32682635e-03  3.12999158e-03  3.56958929e-03
  3.20301558e-03  3.38736768e-03  3.90524041e-03  3.74034621e-03
  3.42582568e-03  4.26183529e-03  3.07071139e-03  1.26853873e-03
  2.48513298e-03  7.27291997e-04 -1.45775711e-03  1.81642061e-03
 -1.02089611e-03  1.95880774e-03 -1.67569463e-03  3.02335017e-03
  5.50646612e-04  7.85131784e-04  1.57854922e-03  3.64418506e-03
  4.44998744e-03  7.92546163e-03  4.59541546e-03  4.48925269e-03
  6.25170023e-03  4.29751381e-03  4.29118085e-03  4.16391257e-03
  9.98159325e-04  4.85755904e-03  4.22172106e-03  1.70380417e-03
  4.35467341e-03 -2.79026014e-04  4.00982225e-03  5.67038785e-03
 -1.83552373e-04  7.21254975e-03  3.22615403e-03  3.29008772e-03
  3.52052590e-03  6.25043384e-03  2.98566375e-03  1.88932323e-03
  1.16033685e-03  1.03326781e-03  1.53208944e-03  6.00776857e-04
  3.61360025e-03  4.35802388e-04 -1.82781450e-03  9.49431517e-04
 -1.79148723e-03  1.30670713e-03  6.69299247e-03  4.06374758e-03
  4.59240794e-03  7.62726461e-03  4.52498467e-04  4.47984584e-03
  1.52433287e-03  4.48402195e-03  4.50079037e-03  8.21317564e-03
  4.35930142e-03  1.32299646e-03  7.11502448e-03  6.42648310e-03
  7.46290323e-03  3.19949366e-03  3.04329534e-03  3.11584856e-03
  3.27422974e-03  3.23882844e-03  5.05942116e-03  4.93438687e-03
  3.50720164e-03  3.32675841e-03  8.99520040e-04 -1.36502294e-03
 -1.15377402e-03 -1.50288205e-03  1.07204470e-03  9.99746341e-04
 -2.09544462e-03  9.46837425e-04  1.17460818e-03 -1.28103670e-03
  1.50774426e-03  2.17493319e-03  2.37304740e-03 -1.50445642e-03
  9.31977496e-03  2.66806340e-03  6.95780466e-03  4.48347454e-03
  4.48360928e-03  4.42155339e-03  4.34784677e-03  4.31640765e-03
  2.22339235e-03  4.31404339e-03  4.30587468e-03  4.82947319e-03
  4.99315312e-03  5.50644031e-03  3.74520825e-03  2.66966601e-03
  3.62784576e-03  3.62405660e-03 -8.38064222e-05  5.67128227e-03
  4.89875680e-03  1.78814431e-03  6.32144108e-03  1.02081963e-03
  3.93574663e-04  8.16975232e-04  7.77127815e-04  8.07694189e-04
  2.03652156e-03  7.35852770e-04 -4.08318217e-03 -2.80700604e-03
  2.90375969e-03  4.11402502e-03  8.11814108e-03  5.52888350e-03
  4.72654471e-03  4.67139856e-03  6.00837688e-03  6.05373586e-04
  4.46668621e-03 -5.52993758e-04  3.11919519e-03  9.32395706e-03
  3.80450577e-03  3.64996283e-03  3.54974222e-03  3.26294170e-03
  3.23735196e-03  3.15287929e-03  5.21318366e-03  6.23646399e-04
  1.86812041e-03  2.14223378e-03  5.56812623e-03  3.13395557e-03
  9.19537050e-04 -2.38112258e-04 -4.01320922e-03  5.98125179e-04
  1.36822638e-04  8.29465351e-04 -1.03037357e-03  8.49897526e-04
  1.32394054e-03  2.99421282e-03  2.03000178e-03  8.36400984e-03
  4.69236731e-03  4.74572964e-03  4.73295721e-03  5.52649058e-03
  5.11450761e-03 -1.84042291e-04 -3.74375991e-03  4.08515358e-03
  3.81636688e-03  3.47381219e-03  3.34853525e-03 -8.69916402e-04
  2.84773200e-03  3.54754062e-03  6.41180059e-03  3.56047448e-03
  7.45057386e-03  5.10456191e-03  3.60500482e-03  2.52502822e-03
  6.24577660e-03  4.28843778e-03  9.33383301e-04  2.58602081e-03
  9.77651625e-04 -3.76544453e-03  1.06557795e-03  1.20048036e-03
  1.23975873e-03  1.22645052e-03  4.48765327e-03  2.83290047e-03
  5.65074708e-03  1.04958507e-05  2.93296493e-03  4.75756624e-03
  4.71928302e-03  6.63418632e-03  4.62764751e-03  4.47545344e-03
  4.39561071e-03  5.32105481e-03  4.20230981e-03  3.84229987e-03
  3.74560412e-03  3.56061378e-03 -2.71178514e-03  3.04662793e-03
 -3.21820711e-03  4.08914673e-03  3.49027427e-03  3.53235360e-03
  7.71120113e-03  3.10125457e-03  2.47022450e-03  6.79640836e-04
  6.62596326e-04  6.50305265e-04 -3.13698924e-03  2.36561235e-03
  7.34941954e-04 -9.84306490e-04 -6.60117434e-04 -2.97834113e-03
  1.30066279e-03 -2.87123076e-03  3.75944095e-03  5.82106022e-03
  6.24959041e-03  1.07796645e-02  9.52208236e-03  2.51072782e-03
  4.81374881e-03  1.55665688e-03  4.48693770e-03  6.79926802e-03
  4.42239878e-03  6.72769809e-03  4.45323852e-03  3.61914825e-03
  4.56669541e-03  3.31603332e-03  3.17817090e-03  3.41370760e-03
  7.83012638e-03  3.62428412e-03  1.89797826e-03  7.44539473e-04
  3.48330784e-03  2.16185219e-03 -2.20076343e-03  1.00233943e-03
  1.14031511e-03  9.56306708e-04 -3.52627205e-04  9.16182007e-04
  9.87889349e-04  1.43278075e-03  8.57583599e-04  6.67367395e-04
 -5.77358845e-04  4.91381722e-03  4.38002208e-03  4.64259336e-03]
Model: RNN_3
  Mean: [ 3.29267710e-03  6.06898941e-03  3.52614061e-03  6.89154475e-03
  1.49016315e-03  2.64852320e-03  7.54842380e-03  9.27808898e-04
  3.56771802e-03  1.03863881e-03  2.88184892e-04  2.65400761e-03
  6.20426139e-03  4.83892002e-03  3.77884401e-04  9.11164302e-04
 -4.97507204e-03  2.37430424e-03  3.35233864e-03  4.02351358e-03
  2.39911261e-03  3.22101990e-04  1.95001766e-03  3.03023104e-03
  4.33934917e-03  7.60860433e-03  5.01467806e-03  6.82464128e-03
  4.24113583e-03  7.34355706e-03  4.25251140e-03  4.03643720e-03
  6.85477310e-03  4.04486046e-03  3.32583765e-03  3.21200174e-03
  3.19669566e-03  3.31019315e-03  9.49086346e-03  3.11576492e-03
  5.60604636e-03  4.73917546e-03  2.65333059e-03  7.78938691e-04
  7.07135671e-04  7.39842153e-04 -4.58509520e-04  6.34609056e-04
  2.02950088e-03  8.55543307e-04  1.98820701e-03  7.86147513e-04
  1.66679636e-03  8.31957724e-04 -2.60185335e-04  1.30314167e-03
  4.29256373e-03  4.37934538e-03  6.95807194e-03  4.60870821e-03
  1.82965722e-05  4.52535025e-03  4.39700637e-03  7.39622734e-03
  4.13754193e-03  7.85785390e-03  6.17673413e-03  4.90244620e-03
  3.86921146e-03 -1.54306721e-04  3.67648650e-03  3.51261738e-03
  3.60152507e-03  5.83612227e-03  7.99905540e-03  2.51846818e-03
  3.00867381e-03  2.67597992e-03  1.70374467e-03  4.86142121e-03
 -9.59598716e-04  7.33493178e-04 -8.00868320e-04  4.96935623e-03
 -6.00101815e-03  9.15198877e-04  7.44064246e-04  9.18375163e-04
  9.05266417e-04  3.83099612e-03  2.69888297e-03  3.86725933e-03
  4.02956382e-03  5.89273962e-03  8.60444990e-03  4.41939439e-03
  4.35043382e-03  6.43812193e-03  3.63118132e-03  7.24641915e-03
  6.66829702e-03  2.81773056e-03  1.30930331e-03  3.78118163e-03
  3.47769637e-03  1.19053025e-03  2.78806425e-03  3.01412584e-03
  3.11235932e-03  1.41896015e-03  4.19283194e-03  3.20558355e-03
  1.35183609e-03  2.45375638e-03  1.10929583e-03  1.22395495e-03
  1.22839686e-03 -7.78093374e-04  1.00609162e-03  1.12308333e-03
  1.22653351e-03 -4.17367687e-03  1.64539238e-03  1.29485422e-03
  2.42832295e-03  1.17934296e-03  2.02407575e-03  3.73195908e-03
  7.93809469e-03  6.73374383e-04  5.03072025e-04 -1.89116383e-04
  5.17004257e-03  9.33644666e-03  4.25800252e-03  4.12280906e-03
  4.05400206e-03  4.49124953e-03  3.86482020e-03  4.56597056e-03
  3.56851279e-03 -1.55669246e-04  6.46731107e-03  3.34676222e-03
 -3.35668071e-04  6.23753982e-03  3.06989320e-03  3.78156727e-03
  2.33086899e-03  9.37045114e-04  1.04491895e-03  1.87306934e-03
  7.85305227e-04  6.91689471e-04  1.29037015e-03  6.80608358e-04
  2.66993220e-03  6.27305531e-04 -4.66003841e-03  1.32542445e-03
  3.51852249e-03  4.59003762e-03  7.20739566e-03  6.13972606e-03
  4.71417587e-03  4.73289338e-03  4.63145888e-03  1.26301647e-03
  6.41063587e-03  4.04067469e-03  4.48687095e-03  8.44241430e-04
  3.59218193e-03  3.85494731e-03  3.07305866e-03  3.02576384e-03
  2.92058960e-03  3.66255479e-03  2.92312665e-03  4.09392956e-03
  3.06600163e-03  2.74422644e-03  4.22925353e-04  1.05704069e-03
  1.11175935e-03  1.21206165e-03  7.90493798e-03  2.85482267e-03
  1.15987032e-03 -9.65821183e-05  9.15609040e-04  9.09988363e-04
  9.16722263e-04  2.21876061e-03  3.76416849e-03  3.11085957e-03
  4.39914498e-03  4.55095892e-03  4.65071763e-03  4.77106139e-03
  4.74298043e-03  4.81392768e-03  1.93164602e-03  8.20477000e-03
  4.32850087e-05  4.53750053e-03  2.80874064e-03  4.03183299e-03
  3.42159510e-03  5.73512353e-03  1.48054346e-03  2.40358339e-03
  3.27262060e-03  3.48979884e-03  6.26895131e-04  3.38529138e-03
  2.97080872e-03  1.94518858e-03  7.41475424e-05  7.01241548e-04
 -1.33831231e-03  3.19354916e-03  1.72788361e-03  4.13056738e-04
  1.00021710e-03  1.04108758e-03  7.83819474e-04  3.00861133e-03
  3.08552329e-03 -1.38575820e-03  6.84271932e-03  6.68634218e-03
  4.10180240e-03  5.79248626e-03  3.83775828e-03 -9.37187393e-05
  4.30122632e-03  4.11468818e-03 -5.66813309e-04  1.38123185e-03
  3.51638277e-03  3.73963923e-03  3.62218198e-03  1.55248318e-03
  3.33445997e-03  2.60240473e-03  3.21598361e-03  4.86600915e-03
  3.48889791e-03  3.01751121e-03  7.44970846e-03  7.83681491e-03
  9.85614719e-04  2.69286042e-03  3.08121414e-03  7.19297707e-04
  2.56652336e-03  6.79354179e-04  7.11857616e-04  4.89160012e-03
 -4.93880060e-04 -1.40697091e-03  7.68590528e-04  3.58382413e-03
  1.20088898e-03  6.37497274e-03  4.44249102e-03  4.49704132e-03
  6.41695986e-04  4.23679647e-03  3.17213197e-03  5.24254370e-05
  3.89837824e-03  4.08563055e-03  4.10035217e-03  6.35986020e-03
  2.01565654e-03  3.93203884e-03  3.54389108e-03  3.21437805e-03
  3.26538672e-03  3.82774586e-03  3.39219208e-03  3.28863251e-03
  3.25315410e-03  3.08764199e-03  2.76868223e-03  4.60029363e-03
  6.27133966e-04  9.39188978e-04 -3.43252257e-03 -1.01374827e-03
  6.65204962e-04 -8.92095220e-04  2.71973657e-03  2.41571966e-03
  8.82920902e-04  8.31970185e-03  1.34071980e-03  5.41198421e-03]
Model: RNN_4
  Mean: [ 4.26343395e-03  4.05898592e-03  3.82238066e-03  1.29990370e-03
  2.46559628e-03  3.43724827e-03  1.52565158e-03  6.31069223e-03
  3.12027780e-03  3.02563056e-03  3.41000355e-03  9.05939876e-04
  3.17221302e-03  2.81984366e-03  1.86466683e-03  8.80662704e-04
  1.54694008e-03  3.89548947e-04  1.48587052e-03 -2.45457613e-03
  3.41570975e-04  6.16013593e-04  6.37871186e-04 -2.34359223e-03
  4.13893901e-03  3.42309248e-03  3.70673960e-03  5.76922827e-04
  3.83724032e-03  3.75614171e-03  3.82396732e-03  2.71122525e-03
  6.09151757e-03  7.32270420e-03 -1.89810240e-04  3.38293870e-03
  3.35409926e-03  9.82580315e-03  1.73415551e-03  3.64768435e-03
  4.03172052e-04  3.98841160e-03  8.28478723e-03  4.74852665e-03
  3.80591274e-03  2.75845634e-03  1.85728337e-03  4.25888824e-04
  2.93190729e-04 -1.54928309e-03  6.14004813e-04 -5.09642408e-04
 -1.52954425e-03  7.40185963e-04  6.24315681e-04 -2.56605275e-03
  7.19686459e-04  8.37238808e-04  2.00760505e-03  2.84678904e-03
  3.67993379e-03  5.54490796e-03  4.34737173e-03  4.39069559e-03
  5.08975240e-03  4.58729750e-03  4.10402933e-03  4.01793728e-03
  6.56181580e-03  3.79645358e-03  3.69375172e-03  3.68502270e-03
 -4.31274044e-05  4.39875765e-03  2.09059340e-03  2.65463936e-03
 -3.79080178e-04  5.99746063e-03  3.47147245e-03  3.81021945e-03
  5.13523260e-03  3.49775801e-03  3.33340579e-03  3.17133092e-03
  2.21887371e-03 -3.19376374e-03  5.83592992e-05 -3.95726231e-04
  6.12006218e-04  7.41386549e-04 -1.89313546e-03 -2.22004026e-03
  7.41885665e-04 -3.37001424e-04  7.59792287e-04 -5.94703430e-04
  2.90073283e-03  8.37803024e-04  3.56360647e-03  3.93537443e-03
  4.03959813e-03  4.14549944e-03  4.27014302e-03  1.88678846e-03
  5.17302404e-03  3.82750439e-03  1.93578898e-03  1.07902918e-02
  4.80031872e-03  4.70122569e-03  3.45203495e-03  3.14935098e-03
  5.93590142e-05  3.50343012e-03  4.13796945e-03 -3.48501341e-03
  3.12512108e-03  7.38021879e-03  1.74736577e-03  2.82744543e-03
 -2.64812071e-03  1.39690992e-03  9.59917173e-04  9.39658790e-04
  1.00389872e-03  3.01644194e-03  6.72425159e-04  1.76950254e-03
  1.19225511e-03  5.99745253e-04 -3.06219883e-03  1.00941849e-03
  6.88736730e-04  7.88694244e-03  3.89130858e-03  4.04378806e-03
  7.49911585e-03  3.76659813e-03  4.27265028e-03  4.42636609e-03
  3.82812786e-03  4.24173233e-03  4.31818947e-03  4.21502180e-03
  4.04065803e-03  1.81368089e-03  3.88866378e-03  3.51281430e-03
  5.10718790e-03  3.45351261e-03  4.21044341e-03  3.14387837e-03
  6.80529324e-03  3.05097487e-03  2.72978004e-03  2.59054994e-03
  2.45658523e-03  2.34302308e-03  1.57106048e-03 -2.41368811e-03
  1.27508682e-03  1.30534719e-03 -1.11537631e-03  1.05697200e-03
 -1.07648101e-03  9.52918748e-04 -1.73787860e-03  5.52747879e-04
  8.87885070e-04 -4.19614725e-04  5.40754703e-03  3.80009757e-03
  6.50461767e-03  4.20319169e-03  9.18816950e-03  4.32574613e-03
  4.42069259e-03  2.40220377e-03  8.51133395e-03  4.20268953e-03
  4.16055922e-03  3.09638911e-03  3.97034492e-03  3.75152718e-03
 -8.05952365e-04  2.78779424e-03  3.23192351e-03  5.69359516e-03
  3.25044610e-03  5.87497040e-03  3.09354095e-03  3.00752484e-03
  2.78462179e-03  2.59098291e-03  1.51182761e-03 -1.87018844e-03
  9.83766771e-04  1.00076369e-03  1.01521360e-03  9.69617942e-04
 -2.24120355e-04 -3.11381313e-03  6.68540929e-04  7.61555234e-04
  8.11045066e-04  5.15001938e-03 -1.32879153e-03  5.93759145e-03
  4.30402500e-03  4.19064220e-03  4.96999447e-03  4.22105658e-03
  4.32313295e-03  8.57686278e-03  1.71348061e-03  4.22692038e-03
  4.02168944e-03  3.85165135e-03  3.58337664e-03  3.58486438e-03
  3.11966476e-03  3.03664196e-03  1.48931026e-04  3.19230088e-03
  3.27449820e-03  3.36243893e-03  2.62046704e-03  3.13564722e-03
  2.27407712e-03  1.34566319e-03  9.80804963e-04  8.35044094e-04
  7.41877151e-04  3.49030416e-03  3.19568070e-03  1.72400804e-03
  4.97099658e-04 -2.34851853e-04  6.38389762e-04  1.72275515e-03
 -2.98156389e-03  5.99640738e-03  3.94799847e-03  4.00806812e-03
  4.15160814e-03  6.30443059e-03  4.30878418e-03  4.33055620e-03
  5.33709088e-03  4.15549117e-03  4.13089326e-03  4.11070687e-03
  3.74092131e-03  3.88418259e-03  3.78497709e-03  3.69604717e-03
  3.54338046e-03  3.40653316e-03  3.34653173e-03  3.18833635e-03
  3.09730751e-03  7.69770093e-03  4.54902626e-03  1.54000668e-03
  4.49902096e-03  3.84638350e-03  3.13957962e-03  7.16731136e-04
 -4.18665787e-03  5.62428276e-04  7.10607039e-04  2.11812665e-03
 -4.12225726e-04  3.82056483e-03 -2.28741326e-03 -7.62441772e-04
  3.88620383e-03  4.27566493e-03  3.53153919e-03  3.02350414e-04
  3.72261928e-03  3.76554249e-03  3.73881847e-03  3.73287067e-03
  3.66563711e-03  3.68122441e-03  7.45726247e-03  3.49851687e-04
  3.32451561e-03  3.28395230e-03  3.02596646e-03  3.81837007e-03
  2.66588972e-03  6.72825961e-03  3.44407431e-03  6.81620419e-03
  1.93523873e-03  3.16721209e-03  1.44583915e-03  4.01427899e-03]

Models ranked by mean score:
1. RNN_2 with score 0.004573866556322243
2. LOF_2 with score 0.0045142336817696905
3. RNN_3 with score 0.0042827787503923265
4. RNN_1 with score 0.004189882451170918
5. RNN_4 with score 0.0039025607886072422
6. NN_1 with score 0.003459259963233644
7. LOF_4 with score 0.003172574858784522
8. NN_3 with score 0.001423333521371131
9. NN_2 with score 0.0012989337655198152
10. LOF_1 with score 0.0
11. LOF_3 with score 0.0
