Summary of Linear Thompson Sampling:
Model: LOF_1
  Mean: [17921.41229748 31625.08183359 24938.44476065 52844.48814435
 41664.92450297 65129.30553924 54053.42635803 79639.52593495
 48520.86018023 41081.18949635 60121.8082394  33813.29811501
 46399.14293876 40684.55240349 53523.70668635 45448.06794446
 46430.28923933 22086.87908656 25279.24230914 48202.45433901
 39099.02395095 32794.64062998 22044.46570997 34269.48892988
 10094.33921853 24119.412788   29703.02554676 18171.9166957
 28148.37536375 43387.89963581]
Model: LOF_2
  Mean: [13.58472012 20.81692863  6.67327141 17.45552968 15.20229561  7.11706137
 -5.45443438  7.08927035  6.0931298   8.79346079  3.0570191   5.27869545
 -0.97593731  5.22504819  9.11699334 -9.22505927  6.24119102  6.56152552
  9.39739208 13.27284498 14.96785593 18.09519002 19.47945412 19.35435867
 21.06812113  2.58503393 20.32082302 21.10120648 19.17432439 17.03964564]
Model: LOF_3
  Mean: [8.23833331e+192 8.06390593e+192 9.69403373e+192 8.08182638e+192
 8.34412590e+192 9.10260688e+192 8.27529693e+192 9.34685510e+192
 9.28972885e+192 7.40446147e+192 8.66918374e+192 8.95674282e+192
 9.44108113e+192 1.04219064e+193 1.01957483e+193 9.96914785e+192
 1.01797928e+193 9.58132626e+192 9.84980975e+192 9.25134866e+192
 9.39848503e+192 8.14750432e+192 1.01635549e+193 1.06493343e+193
 8.38826011e+192 9.10976515e+192 7.61673480e+192 9.83777260e+192
 8.09789265e+192 8.85764989e+192]
Model: LOF_4
  Mean: [15.61124776 18.32302948 16.58635404 23.88961598 10.74787291 15.08364574
 14.70911945 14.30995978 14.39678033 13.27838118 12.28161296 12.07472122
  7.07577613 13.13549356 12.64062911 12.74917084 10.83047816  6.2024643
 -2.64447149  4.56891668  3.41478165  3.16986897  3.39366225  7.92074796
  6.72792962 -2.89738923  1.98609454 -7.72096091  2.91235196 11.58177355]
Model: NN_1
  Mean: [ 2.94835678  2.01444253  3.39322708  0.23080756 -1.04098629  2.36250039
  4.48247583  2.52883308  2.69130682  4.75633301  4.92940468  3.48196284
  2.6908819   1.42903442  3.24467035  2.52306205  1.59716685  6.47704208
  3.36208479  3.6206924   2.16310569  3.00914161  2.2766477   4.86074132
  5.6022984   3.66645461  3.51615914 10.34740946  4.80464032  8.23199681]
Model: NN_2
  Mean: [5384.41815409 2954.36354246 5262.06417414 3630.00199036 4450.19770383
 4383.95704366 3817.34501635 4045.17336332 4498.84213016 3263.81754657
 4016.23187977 3824.24743857 3518.66683259 4073.90017024 4397.5431181
 4936.85093503 1043.99716811 2583.34517025 1712.3504229  3776.96952442
 3586.76681337 4693.79527354 4445.91376443 4392.55702327 2892.88882733
 2406.56028544 2990.7918294  2142.85929936 4986.9325357  3673.90731521]
Model: NN_3
  Mean: [  78229.31221242 1185937.13668154 1206830.93848921  791816.43913318
  977802.86546433  775062.9038766   744295.50026775  647870.09113168
 1019593.77501668  542790.23642404  727798.65880593  640780.67238397
  954913.94531692  739189.66636875  876086.65127904 1100268.90578487
  808410.30470399  820571.06101563  902871.26130478  773247.19350615
  907531.56387587 1211868.56456961 1049233.89760743  656236.88462532
 1099022.42608451  750576.01971411  615835.57762446 1337244.17621263
  499959.63706681  585678.02264177]
Model: RNN_1
  Mean: [[0.]
 [0.]
 [0.]
 [0.]
 [0.]
 [0.]
 [0.]
 [0.]
 [0.]
 [0.]
 [0.]
 [0.]
 [0.]
 [0.]
 [0.]
 [0.]
 [0.]
 [0.]
 [0.]
 [0.]
 [0.]
 [0.]
 [0.]
 [0.]
 [0.]
 [0.]
 [0.]
 [0.]
 [0.]
 [0.]]
Model: RNN_2
  Mean: [27.60709651 31.51687071 14.95039437 14.83615393 14.59476112 19.95819481
 29.95132008 17.05466456 13.83138596 13.74552209 16.32892901 13.06910685
 12.30314073  8.67395534  3.57881382  7.55626268 14.4022581   7.40302793
 12.86630436  3.11918666 -1.67073393  5.54994758  2.84000551 11.74388679
  6.41350252  6.17463008 10.28161774  8.88875488 18.65747121 10.88320208]
Model: RNN_3
  Mean: [ 0.0604233   0.39621925 -0.61976771  0.07061733  0.62258789  0.04646359
  0.55780426  0.51682124  0.66263657  0.6457355   0.63499608  0.63852156
  0.65098626  0.66802621  0.66869948  0.56885077  1.15069015  0.688267
  0.65652481  0.58305367  0.03680035  0.63083507  0.99208769  0.54652264
  0.60568776  0.51189512  0.23242087  0.57603297  0.16908939  0.70423373]
Model: RNN_4
  Mean: [ 0.68891889  0.51271015  0.65742259  0.62119004 -0.13345221  0.46161201
  0.53515238  0.94276395  0.53821941  0.97279665  0.51223854  0.49799572
  0.46108671  0.42902335  0.25033332 -0.30967187  0.16289529  0.1657097
  0.16810236  0.16055248 -0.03711058 -0.51559528  0.11069918  0.12610079
  0.13429547  0.85275691 -0.22002561  0.98316565  0.71267442  0.69390013]

Models ranked by mean score:
1. LOF_3 with score inf
2. NN_3 with score 22832776142615.754
3. LOF_1 with score 51957812487.12364
4. NN_2 with score 447863652.834435
5. RNN_2 with score 6460.167070940102
6. LOF_2 with score 5295.771762692982
7. LOF_4 with score 3954.024930330451
8. NN_1 with score 516.5075085508838
9. RNN_3 with score 10.615819395667472
10. RNN_4 with score 8.416335741419307
11. RNN_1 with score 0.0
