Summary of Linear Thompson Sampling:
Model: LOF_1
  Mean: [ 0.07523229  0.14494037  0.27393006 -0.02141547  0.1605393  -0.0223284
  0.1725955   0.08343417  0.0061971   0.06744595  0.40416323  0.01658452
  0.11936803  0.11667752  0.1351286  -0.02915587  0.08405675  0.1213817
 -0.02815535  0.06187164  0.0866091   0.01214132  0.23908323  0.10127778
  0.15710026  0.27910705  0.06164857  0.30133315  0.10248197  0.13026744
  0.16020828  0.20849004  0.45798593  0.11403075]
Model: LOF_2
  Mean: [ 0.24003698  0.08351653  0.34436321  0.15562041  0.05701794  0.27490231
 -0.02499465  0.16035337  0.06664043  0.08815651  0.2093534   0.04169103
  0.02568999  0.11335437  0.16837766  0.05651739 -0.00704602  0.17267831
  0.12735715  0.16355626  0.18697183  0.12269969  0.06831209  0.22558789
 -0.04112246 -0.07640592  0.04160207  0.18987734 -0.02232215  0.01578494
  0.18984239  0.01411317  0.0566745  -0.02874507]
Model: LOF_3
  Mean: [ 0.0918899   0.14041035  0.2119518   0.28134995  0.12021811  0.0988512
  0.06727128  0.17785523  0.15007616 -0.01258836  0.09096555  0.11266913
  0.09959717  0.14315414  0.10255219  0.09302278  0.07861511  0.03805817
  0.08938392  0.03309331  0.11961263  0.23034907  0.00507562 -0.06091863
  0.00048734  0.09322893  0.23545661  0.13408816 -0.07115519 -0.1089976
  0.02296645 -0.14149905  0.189843    0.13638557]
Model: LOF_4
  Mean: [ 0.06058388  0.26404647  0.02616736 -0.03527215  0.08427198  0.15849744
  0.19791459  0.34739391  0.12406766  0.14465176  0.09384919  0.02227952
  0.16141538  0.10263653  0.1022989   0.20529863  0.07854234  0.11847762
  0.12588769  0.01702257  0.09599055  0.21301577  0.09636446  0.16625693
  0.13287211  0.06164638  0.15556643  0.03594395  0.09936375  0.04337264
  0.01770209  0.30843739  0.0768703   0.20576721]
Model: NN_1
  Mean: [-0.06953997  0.18223879  0.09664505  0.16705981  0.04025194  0.07899713
  0.13303353  0.00497855  0.1135162   0.09860573  0.10179215  0.06127366
  0.10629787  0.0150882   0.16875691  0.06024502  0.2470604   0.14206879
  0.00474278  0.01507056  0.31267701  0.02230755 -0.08886308  0.192225
  0.16474782  0.09411141  0.09837162  0.12563768  0.09918454  0.07676353
  0.17041554  0.14142023  0.13858574  0.09893708]
Model: NN_2
  Mean: [ 0.20387268  0.12042318  0.3328782   0.1443474   0.06712417  0.32296191
  0.01781179  0.03588433  0.21025347  0.14868152 -0.00381578  0.00827731
 -0.0476343   0.12494254  0.13696827  0.1736698   0.07644266  0.1180061
  0.10868573  0.12005357  0.16541327  0.1858141   0.16723279  0.14621778
  0.00046934  0.05682162  0.17080454  0.06177365 -0.05492741  0.22503087
  0.16232754  0.1557146   0.04190699  0.08799943]
Model: NN_3
  Mean: [ 0.289021    0.26702868  0.06413132  0.01660175  0.10544483  0.03799266
  0.16100016  0.29570531 -0.04051215 -0.04461409  0.03159215  0.0297366
  0.05786446  0.12465791  0.24066129  0.18089812  0.11869088  0.18682837
  0.05790387  0.09863021  0.07716478  0.11313574  0.06354859  0.01311015
  0.05549039  0.1234024   0.23075037  0.02699038  0.08447523  0.13132723
  0.11898441  0.12667306  0.06526003 -0.10733715]
Model: RNN_1
  Mean: [ 0.19953415  0.00710378 -0.02128393  0.28623186  0.26169495  0.21587507
  0.12767655  0.20094533  0.12513025  0.19862522  0.27641168  0.12507566
  0.09544295  0.39355496  0.09180779  0.28053263  0.32507848  0.0501548
  0.16669475  0.37762983  0.22584405  0.10249861  0.2659533   0.47242925
  0.08617553  0.10844515 -0.09218021  0.3013397   0.16568409 -0.00939818
  0.06426696  0.10450915  0.20799306  0.29151294]
Model: RNN_2
  Mean: [ 0.45257375  0.10951326  0.0864922   0.30666604  0.04399099  0.33755754
  0.27417503  0.01884771  0.05113645  0.31473059  0.16930185  0.45116584
  0.18467064  0.00371079  0.29281194  0.24272467  0.06013639 -0.10779744
  0.07543242  0.22298281  0.18771577  0.0756602   0.28650749  0.08557493
  0.2127109  -0.00635812  0.17057404 -0.07598951  0.11500882  0.10396798
  0.21125872  0.21708392  0.28931957  0.10858324]
Model: RNN_3
  Mean: [ 0.03894845 -0.03149007  0.09309323  0.19842588  0.01067517  0.2149153
  0.24541834 -0.14377566 -0.04527348  0.03703171  0.00584353  0.22568354
  0.24677697  0.31376579  0.10036363  0.31796608  0.29944481  0.15821841
  0.12219049  0.18966885  0.20927907  0.16809492  0.15019044 -0.03900412
  0.03794713 -0.03866383 -0.09117699  0.10984795  0.23217555  0.21675018
  0.21883903  0.30068484  0.38012988  0.05623006]
Model: RNN_4
  Mean: [-0.01982693 -0.06856366  0.00127674  0.27479329  0.16766472  0.16517559
  0.11148469  0.08583956  0.09491363  0.303345    0.06394796  0.26543983
  0.1209087   0.06512619  0.02771837  0.36288429  0.02913563 -0.06550898
  0.06487089  0.09058502 -0.08703956  0.09087148  0.2527679   0.2418947
 -0.01459875  0.14679866  0.37390953  0.20625441  0.19163128  0.15795617
  0.34990303  0.23949794  0.1181267   0.09595607]

Models ranked by mean score:
1. RNN_1 with score 1.615628879310096
2. RNN_2 with score 1.5148674917922609
3. RNN_3 with score 1.174563727688572
4. RNN_4 with score 1.1072169689327018
5. LOF_1 with score 0.9983992270307089
6. NN_2 with score 0.7385234419545181
7. LOF_4 with score 0.7324778386560467
8. LOF_2 with score 0.6801368552276799
9. NN_3 with score 0.6278799930176076
10. LOF_3 with score 0.5679191290968546
11. NN_1 with score 0.5610500108021197

 evaluation for models over the current test data:
[534, 441, 499, 481, 428, 1857, 428, 428, 1857, 428, 1857]
 f1_score list for models over the current test data:
{'RNN_1': 0.8350154049799412, 'RNN_2': 0.8621787921226169, 'RNN_3': 0.8479340394665662, 'RNN_4': 0.8526077183765207, 'LOF_1': 0.852761030820137, 'NN_2': 0.6326113395675468, 'LOF_4': 0.852761030820137, 'LOF_2': 0.852761030820137, 'NN_3': 0.6326113395675468, 'LOF_3': 0.852761030820137, 'NN_1': 0.6326113395675468}
 pr_score list for models over the current test data:
{'RNN_1': 0.9113683665997343, 'RNN_2': 0.9276601359406529, 'RNN_3': 0.9235418317447892, 'RNN_4': 0.9238273930785555, 'LOF_1': 0.9377625604472832, 'NN_2': 0.47412630672219624, 'LOF_4': 0.9377625604472832, 'LOF_2': 0.9377625604472832, 'NN_3': 0.47460338167389243, 'LOF_3': 0.9377625604472832, 'NN_1': 0.47402908053147985}
 evaluation for models over the new test data:
[]
 f1_score list for models over the new test data:
{}
 pr_score list for models over the new test data:
{}